"DP","L.Fx","L.Fy","L.Fz","L.Mx","L.My","L.Mz","R.Fx","R.Fy","R.Fz","R.Mx","R.My","R.Mz","L.COFx","L.COFy","R.COFx","R.COFy","COFx","COFy","COGx","COGy"
1,13.378,-4.874,294.033,140.969,52.154,-42.021,-17.405,0.756,275.837,217.592,39.118,84.925,0.496,1.234,0.298,2.001,0.035,1.605,0.001,0.001
2,13.641,-4.529,294.033,140.969,52.154,-46.327,-17.324,0.666,275.837,217.592,39.118,80.669,0.497,1.233,0.298,2.001,0.036,1.605,0.002,0.001
3,13.381,-4.47,294.033,140.969,52.154,-43.678,-17.54,1.059,276.265,220.65,40.868,82.757,0.496,1.233,0.313,2.025,0.051,1.617,0.003,0.002
4,13.655,-4.522,293.582,137.738,50.328,-46.928,-17.23,0.66,275.837,217.592,39.118,82.79,0.482,1.207,0.298,2.001,0.037,1.592,0.004,0.003
5,13.826,-4.313,293.589,144.159,50.365,-43.872,-17.373,0.975,275.373,220.907,40.995,82.78,0.483,1.262,0.316,2.034,0.036,1.636,0.005,0.004
6,13.513,-3.994,292.707,144.042,50.294,-41.639,-17.459,0.709,274.514,220.714,41.109,85.609,0.482,1.264,0.317,2.04,0.036,1.639,0.005,0.005
7,13.724,-4.231,293.138,140.927,48.539,-44.632,-17.449,0.887,274.514,220.714,41.109,84.211,0.467,1.235,0.317,2.039,0.02,1.624,0.006,0.006
8,13.803,-4.587,293.589,144.159,50.365,-45.37,-17.228,0.442,275.419,220.576,37.429,73.91,0.483,1.263,0.283,2.033,0.021,1.635,0.006,0.008
9,13.738,-4.108,293.138,140.927,48.539,-42.315,-17.066,1.107,274.955,223.892,39.305,81.378,0.467,1.235,0.302,2.064,0.021,1.636,0.007,0.009
10,13.591,-4.573,293.138,140.927,48.539,-47.063,-16.96,0.388,275.383,226.95,41.056,81.423,0.467,1.237,0.318,2.092,0.038,1.651,0.007,0.011
11,13.635,-4.178,294.033,140.969,52.154,-42.09,-17.27,0.977,274.955,223.892,39.305,84.944,0.497,1.232,0.301,2.065,0.019,1.634,0.007,0.012
12,13.423,-4.392,293.582,137.738,50.328,-46.161,-17.283,1.102,274.955,223.892,39.305,84.543,0.481,1.207,0.301,2.064,0.019,1.621,0.007,0.014
13,13.549,-4.49,293.138,140.927,48.539,-45.944,-17.235,0.839,274.955,223.892,39.305,82.813,0.467,1.236,0.301,2.065,0.021,1.638,0.007,0.016
14,13.373,-4.287,293.138,140.927,48.539,-40.154,-17.104,0.389,274.955,223.892,39.305,83.874,0.466,1.236,0.302,2.067,0.021,1.638,0.007,0.017
15,12.964,-4.493,293.582,137.738,50.328,-43.457,-17.41,0.931,274.955,223.892,39.305,89.902,0.479,1.207,0.3,2.065,0.018,1.622,0.007,0.019
16,13.588,-4.71,293.582,137.738,50.328,-46.712,-17.408,0.981,274.955,223.892,39.305,86.021,0.482,1.208,0.3,2.065,0.019,1.622,0.007,0.021
17,13.594,-4.576,292.717,137.859,50.272,-41.509,-17.156,0.339,274.086,217.656,39.359,83.073,0.482,1.212,0.303,2.016,0.02,1.601,0.007,0.023
18,13.549,-4.072,293.568,137.813,46.785,-43.502,-17.284,0.922,274.086,217.656,39.359,86.649,0.451,1.206,0.302,2.014,-0.013,1.596,0.007,0.025
19,13.68,-4.621,293.582,137.738,50.328,-46.76,-17.411,0.483,274.086,217.656,39.359,82.709,0.482,1.207,0.302,2.015,0.002,1.597,0.006,0.026
20,13.699,-3.801,294.012,134.623,48.574,-43.655,-17.142,0.528,274.086,217.656,39.359,86.016,0.466,1.176,0.303,2.015,-0.014,1.581,0.006,0.028
21,13.292,-4.57,294.026,134.548,52.117,-44.498,-17.329,0.391,274.086,217.656,39.359,84.188,0.495,1.178,0.302,2.016,0.001,1.582,0.005,0.029
22,13.461,-4.703,294.464,137.854,50.399,-43.552,-17.136,0.621,274.086,217.656,39.359,83.181,0.48,1.205,0.303,2.015,-0.015,1.595,0.005,0.031
23,13.135,-4.204,294.464,137.854,50.399,-40.5,-17.103,0.386,274.086,217.656,39.359,81.668,0.479,1.203,0.303,2.016,-0.015,1.595,0.004,0.032
24,13.373,-4.611,294.456,131.433,50.362,-41.329,-16.834,0.476,274.086,217.656,39.359,85.304,0.48,1.149,0.304,2.015,-0.015,1.567,0.003,0.033
25,13.493,-4.335,294.908,134.665,52.188,-47.252,-17.317,0.576,274.086,217.656,39.359,87.064,0.495,1.174,0.302,2.015,-0.016,1.579,0.002,0.034
26,13.286,-4.822,294.456,131.433,50.362,-46.587,-17.146,0.173,274.086,217.656,39.359,85.286,0.479,1.15,0.303,2.016,-0.015,1.568,0.001,0.035
27,13.587,-4.439,294.464,137.854,50.399,-40.448,-17.235,0.672,274.086,217.656,39.359,86.395,0.481,1.204,0.302,2.015,-0.015,1.595,0.001,0.036
28,13.504,-4.473,294.464,137.854,50.399,-39.281,-17.412,0.615,274.086,217.656,39.359,83.838,0.48,1.204,0.302,2.015,-0.015,1.595,-0.001,0.037
29,13.515,-4.374,294.456,131.433,50.362,-41.256,-17.327,0.666,274.086,217.656,39.359,87.087,0.48,1.149,0.302,2.015,-0.015,1.566,-0.002,0.037
30,13.766,-4.438,294.908,134.665,52.188,-48.752,-17.067,0.529,274.086,217.656,39.359,82.439,0.496,1.175,0.303,2.015,-0.015,1.58,-0.003,0.038
31,13.535,-4.703,294.012,134.623,48.574,-43.545,-17.377,0.704,274.086,217.656,39.359,85.599,0.465,1.179,0.302,2.015,-0.014,1.582,-0.004,0.039
32,13.415,-4.425,294.012,134.623,48.574,-46.534,-16.827,0.571,274.086,217.656,39.359,84.602,0.465,1.178,0.304,2.015,-0.014,1.582,-0.005,0.039
33,13.765,-4.4,294.033,140.969,52.154,-43.635,-17.282,0.491,272.799,214.404,37.723,84.559,0.497,1.233,0.289,1.995,-0.031,1.599,-0.006,0.04
34,13.762,-4.627,294.877,134.501,48.629,-44.607,-16.919,0.786,273.24,217.582,35.919,82.794,0.465,1.174,0.273,2.02,-0.063,1.581,-0.008,0.04
35,13.511,-4.694,294.884,140.923,48.666,-45.918,-17.232,0.392,274.086,217.656,39.359,90.632,0.465,1.23,0.302,2.016,-0.031,1.608,-0.009,0.041
36,13.642,-4.442,294.433,137.691,46.841,-44.284,-17.1,0.661,273.668,220.64,37.669,88.157,0.45,1.203,0.288,2.045,-0.046,1.609,-0.01,0.041
37,13.807,-4.344,294.908,134.665,52.188,-41.426,-17.24,0.57,273.24,217.582,35.919,84.171,0.496,1.175,0.271,2.021,-0.048,1.581,-0.012,0.041
38,13.589,-4.794,294.908,134.665,52.188,-45.244,-17.185,0.708,273.227,217.462,39.473,87.794,0.495,1.176,0.305,2.019,-0.033,1.581,-0.013,0.042
39,13.72,-4.492,294.908,134.665,52.188,-43.848,-17.461,0.395,273.645,214.478,41.163,84.512,0.496,1.175,0.319,1.989,-0.017,1.567,-0.015,0.042
40,13.311,-4.562,294.464,137.854,50.399,-44.16,-16.92,0.403,273.217,211.419,39.412,83.964,0.48,1.205,0.305,1.964,-0.032,1.57,-0.016,0.043
41,13.764,-4.255,294.877,134.501,48.629,-39.632,-17.201,0.302,274.086,217.656,39.359,82.413,0.465,1.173,0.303,2.016,-0.031,1.579,-0.018,0.043
42,13.794,-4.264,295.329,137.733,50.455,-43.537,-17.185,0.527,274.086,217.656,39.359,82.748,0.48,1.199,0.303,2.015,-0.032,1.592,-0.019,0.043
43,13.854,-4.309,295.329,137.733,50.455,-43.57,-16.883,0.568,274.086,217.656,39.359,83.54,0.481,1.199,0.304,2.015,-0.031,1.592,-0.021,0.043
44,13.722,-4.305,294.464,137.854,50.399,-39.618,-17.005,0.491,273.668,220.64,37.669,87.475,0.481,1.204,0.288,2.046,-0.03,1.609,-0.022,0.043
45,14.095,-4.233,295.329,137.733,50.455,-44.352,-17.197,0.616,273.227,217.462,39.473,84.196,0.481,1.199,0.305,2.019,-0.048,1.593,-0.024,0.043
46,13.549,-4.015,294.884,140.923,48.666,-41.715,-17.104,0.533,273.668,220.64,37.669,89.217,0.465,1.227,0.288,2.046,-0.047,1.621,-0.025,0.044
47,13.366,-4.523,295.329,137.733,50.455,-42.77,-16.932,0.655,273.204,223.955,39.546,83.903,0.479,1.2,0.306,2.08,-0.049,1.623,-0.027,0.044
48,13.262,-4.393,295.329,137.733,50.455,-43.29,-17.152,0.48,273.668,220.64,37.669,87.044,0.479,1.199,0.288,2.046,-0.048,1.607,-0.028,0.044
49,13.456,-4.53,294.884,140.923,48.666,-45.652,-17.322,0.791,273.204,223.955,39.546,84.546,0.465,1.229,0.305,2.079,-0.048,1.638,-0.03,0.045
50,13.685,-4.179,294.884,140.923,48.666,-49.436,-17.145,0.484,273.668,220.64,37.669,88.504,0.465,1.228,0.288,2.046,-0.047,1.622,-0.032,0.045
51,14.085,-4.529,294.884,140.923,48.666,-45.033,-17.11,0.791,273.204,223.955,39.546,84.937,0.467,1.229,0.306,2.079,-0.047,1.638,-0.033,0.046
52,13.596,-4.248,294.884,140.923,48.666,-45.1,-16.836,0.305,273.622,220.971,41.235,83.192,0.465,1.228,0.322,2.05,-0.031,1.624,-0.035,0.046
53,13.32,-4.567,294.884,140.923,48.666,-41.293,-16.745,0.654,273.204,223.955,39.546,82.474,0.464,1.229,0.307,2.08,-0.048,1.638,-0.036,0.047
54,13.975,-4.393,294.884,140.923,48.666,-41.736,-17.327,0.435,273.204,223.955,39.546,87.405,0.466,1.229,0.305,2.081,-0.047,1.638,-0.038,0.047
55,13.664,-4.056,294.454,144.038,50.421,-51.145,-17.063,0.433,273.204,223.955,39.546,83.174,0.481,1.256,0.306,2.081,-0.031,1.653,-0.039,0.048
56,13.866,-4.7,295.305,143.991,46.933,-45.15,-16.971,0.173,273.654,220.52,41.224,88.887,0.45,1.254,0.321,2.046,-0.047,1.635,-0.041,0.049
57,13.774,-4.21,294.884,140.923,48.666,-45.647,-16.922,0.53,273.668,220.64,37.669,87.115,0.466,1.228,0.288,2.046,-0.046,1.622,-0.042,0.05
58,13.776,-3.897,294.454,144.038,50.421,-45.923,-17.371,0.797,273.632,227.014,41.296,85.667,0.482,1.256,0.32,2.104,-0.015,1.664,-0.043,0.051
59,13.59,-4.303,294.884,140.923,48.666,-45.589,-17.025,0.657,274.073,230.192,39.493,84.598,0.465,1.228,0.304,2.131,-0.03,1.663,-0.045,0.052
60,13.586,-4.518,294.44,144.112,46.878,-46.495,-16.717,0.655,273.632,227.014,41.296,81.429,0.45,1.258,0.323,2.105,-0.03,1.666,-0.046,0.053
61,13.451,-4.088,294.01,147.227,48.632,-45.544,-17.069,0.741,274.073,230.192,39.493,83.468,0.466,1.286,0.304,2.131,-0.013,1.693,-0.047,0.054
62,13.726,-4.118,294.454,144.038,50.421,-41.026,-17.241,0.751,274.073,230.192,39.493,88.507,0.481,1.256,0.304,2.131,-0.014,1.678,-0.048,0.055
63,13.507,-4.409,294.01,147.227,48.632,-48.267,-17.018,0.88,274.073,230.192,39.493,84.21,0.466,1.287,0.305,2.13,-0.013,1.694,-0.049,0.057
64,13.544,-4.313,294.01,147.227,48.632,-43.75,-17.274,1.105,273.632,227.014,41.296,89.575,0.466,1.287,0.321,2.103,-0.014,1.68,-0.05,0.058
65,13.346,-4.469,294.01,147.227,48.632,-45.39,-16.935,0.56,273.632,227.014,41.296,85.272,0.465,1.287,0.322,2.105,-0.014,1.681,-0.051,0.06
66,13.419,-4.166,294.01,147.227,48.632,-45.844,-17.286,0.795,273.168,230.329,43.173,85.673,0.466,1.286,0.339,2.139,-0.015,1.697,-0.051,0.062
67,13.801,-4.225,294.01,147.227,48.632,-44.594,-17.154,0.835,273.609,233.507,41.369,87.818,0.467,1.286,0.322,2.165,-0.014,1.71,-0.052,0.063
68,13.272,-4.74,294.01,147.227,48.632,-44.419,-17.202,0.569,273.168,230.329,43.173,88.819,0.465,1.288,0.339,2.14,-0.016,1.698,-0.053,0.065
69,13.682,-4.884,294.01,147.227,48.632,-42.403,-16.797,0.789,274.037,236.565,43.12,84.67,0.467,1.288,0.339,2.19,0.003,1.723,-0.053,0.067
70,13.696,-4.435,293.579,150.342,50.387,-41.036,-17.023,0.653,274.037,236.565,43.12,88.19,0.482,1.316,0.338,2.19,0.019,1.738,-0.054,0.069
71,13.231,-4.163,294.01,147.227,48.632,-48.574,-17.178,0.744,273.595,233.387,44.924,90.285,0.465,1.286,0.355,2.164,0.001,1.709,-0.054,0.071
72,13.901,-4.346,294.01,147.227,48.632,-45.502,-17.198,0.654,274.501,233.25,41.243,87.426,0.467,1.287,0.32,2.156,0.004,1.706,-0.054,0.074
73,13.585,-4.754,294.01,147.227,48.632,-50.651,-17.1,0.924,274.501,233.25,41.243,84.642,0.466,1.288,0.32,2.155,0.003,1.707,-0.054,0.076
74,13.378,-3.723,294.017,153.649,48.669,-44.012,-17.021,0.744,274.919,230.265,42.932,85.354,0.466,1.34,0.335,2.125,0.019,1.719,-0.054,0.078
75,13.549,-4.388,294.01,147.227,48.632,-45.211,-17.199,0.609,274.501,233.25,41.243,89.9,0.466,1.287,0.32,2.156,0.003,1.707,-0.054,0.081
76,13.054,-4.437,293.135,153.532,48.598,-43.696,-17.509,0.878,274.942,236.428,39.439,85.302,0.465,1.345,0.301,2.181,0.02,1.75,-0.054,0.083
77,13.726,-4.539,294.438,156.717,46.936,-46.955,-17.195,0.436,274.501,233.25,41.243,88.477,0.451,1.367,0.32,2.157,-0.013,1.748,-0.054,0.085
78,13.599,-3.944,294.43,150.296,46.899,-48.314,-17.152,0.844,274.501,233.25,41.243,85.711,0.451,1.31,0.32,2.155,-0.013,1.718,-0.054,0.088
79,13.691,-4.701,293.135,153.532,48.598,-46.762,-17.364,0.873,274.501,233.25,41.243,88.437,0.468,1.346,0.319,2.155,0.021,1.737,-0.054,0.091
80,13.333,-4.44,293.565,150.417,46.844,-43.775,-17.377,0.836,274.501,233.25,41.243,86.708,0.451,1.317,0.319,2.155,0.003,1.722,-0.053,0.093
81,13.464,-4.168,293.555,156.6,46.865,-45.561,-17.379,0.927,274.928,236.308,42.993,88.882,0.451,1.369,0.335,2.18,0.02,1.761,-0.053,0.096
82,13.814,-4.21,294.007,159.832,48.691,-44.497,-16.978,0.922,274.037,236.565,43.12,89.995,0.467,1.395,0.338,2.189,0.003,1.778,-0.053,0.099
83,13.638,-4.185,294.007,159.832,48.691,-44.777,-17.202,1.012,274.501,233.25,41.243,88.167,0.467,1.395,0.32,2.155,0.004,1.762,-0.052,0.101
84,13.683,-4.221,294.007,159.832,48.691,-44.19,-16.837,0.921,274.501,233.25,41.243,90.356,0.467,1.395,0.321,2.155,0.004,1.762,-0.052,0.104
85,13.765,-4.373,293.135,153.532,48.598,-47.437,-17.369,1.102,274.928,236.308,42.993,89.553,0.468,1.345,0.335,2.179,0.037,1.749,-0.052,0.107
86,13.284,-4.221,293.555,156.6,46.865,-45.823,-16.875,0.749,274.928,236.308,42.993,91.468,0.451,1.369,0.336,2.181,0.021,1.762,-0.051,0.11
87,13.818,-4.294,293.986,153.485,45.111,-45.834,-17.285,0.879,274.928,236.308,42.993,87.073,0.437,1.341,0.335,2.18,0.005,1.746,-0.05,0.113
88,13.681,-4.224,292.691,156.722,46.809,-42.077,-17.021,0.834,274.464,239.624,44.87,83.919,0.453,1.374,0.354,2.215,0.038,1.781,-0.05,0.116
89,13.594,-4.333,293.135,153.532,48.598,-42.383,-17.061,0.837,274.906,242.802,43.066,86.379,0.467,1.345,0.336,2.24,0.037,1.778,-0.049,0.119
90,13.771,-4.182,292.691,156.722,46.809,-41.686,-17.076,0.822,274.906,242.802,43.066,84.204,0.453,1.374,0.336,2.24,0.038,1.794,-0.048,0.122
91,13.493,-4.334,292.681,162.905,46.831,-49.021,-17.101,0.616,274.942,236.428,39.439,87.163,0.452,1.429,0.303,2.182,0.023,1.793,-0.048,0.125
92,13.585,-4.188,293.111,159.79,45.077,-46.587,-17.16,0.834,274.942,236.428,39.439,84.2,0.437,1.399,0.303,2.181,0.006,1.778,-0.047,0.128
93,13.733,-4.348,293.135,153.532,48.598,-45.624,-17.237,1.008,274.464,239.624,44.87,89.88,0.468,1.345,0.353,2.214,0.036,1.765,-0.046,0.131
94,13.59,-4.319,293.111,159.79,45.077,-44.859,-17.243,1.013,274.906,242.802,43.066,88.537,0.437,1.399,0.336,2.24,0.022,1.806,-0.045,0.134
95,13.891,-4.234,293.111,159.79,45.077,-43.994,-17.244,1.327,275.37,239.486,41.19,90.305,0.438,1.399,0.318,2.204,0.023,1.789,-0.044,0.138
96,13.923,-3.602,292.712,163.069,50.39,-48.73,-16.79,0.928,274.906,242.802,43.066,85.05,0.485,1.427,0.337,2.24,0.055,1.821,-0.043,0.141
97,13.717,-4.187,293.125,159.715,48.62,-48.339,-17.199,1.147,275.788,236.502,42.879,86.371,0.468,1.398,0.333,2.174,0.054,1.774,-0.043,0.144
98,13.853,-4.318,292.691,156.722,46.809,-46.268,-17.334,0.971,275.37,239.486,41.19,90.264,0.453,1.375,0.318,2.206,0.039,1.777,-0.041,0.147
99,13.784,-4.184,292.704,156.647,50.353,-48.698,-17.15,0.751,275.347,233.324,44.683,88.55,0.484,1.374,0.351,2.15,0.07,1.75,-0.04,0.15
100,13.827,-3.852,292.26,159.837,48.564,-45.782,-17.366,0.742,275.788,236.502,42.879,88.182,0.469,1.402,0.333,2.176,0.071,1.778,-0.039,0.153
101,13.72,-4.14,293.135,153.532,48.598,-48.781,-17.066,0.748,275.788,236.502,42.879,84.963,0.468,1.344,0.334,2.175,0.054,1.747,-0.038,0.156
102,13.764,-4.395,292.691,156.722,46.809,-49.011,-17.148,1.103,275.788,236.502,42.879,85.727,0.453,1.375,0.333,2.174,0.055,1.763,-0.037,0.159
103,13.566,-4.657,292.704,156.647,50.353,-46.555,-17.283,0.838,275.788,236.502,42.879,86.734,0.483,1.375,0.333,2.175,0.07,1.763,-0.035,0.162
104,13.402,-4.635,292.691,156.722,46.809,-47.392,-17.371,0.748,275.788,236.502,42.879,83.92,0.452,1.376,0.333,2.175,0.054,1.764,-0.034,0.164
105,13.365,-3.831,292.691,156.722,46.809,-46.233,-17.015,1.236,275.36,233.443,41.129,85.007,0.452,1.373,0.318,2.149,0.038,1.749,-0.033,0.167
106,13.587,-4.138,293.135,153.532,48.598,-47.017,-17.299,0.663,275.788,236.502,42.879,83.884,0.467,1.344,0.333,2.176,0.054,1.747,-0.031,0.169
107,13.536,-3.967,292.704,156.647,50.353,-43.089,-17.328,0.88,275.36,233.443,41.129,86.747,0.483,1.373,0.317,2.15,0.054,1.75,-0.03,0.171
108,13.386,-4.621,292.704,156.647,50.353,-41.357,-16.875,1.241,275.824,230.128,39.252,84.66,0.483,1.375,0.301,2.115,0.055,1.734,-0.028,0.173
109,13.384,-4.46,291.388,153.537,48.471,-42.768,-17.105,0.882,275.36,233.443,41.129,85.719,0.468,1.354,0.318,2.15,0.072,1.741,-0.027,0.175
110,13.284,-4.122,292.263,147.232,48.505,-43.643,-17.052,1.022,275.383,226.95,41.056,87.854,0.467,1.294,0.317,2.09,0.054,1.68,-0.026,0.177
111,13.577,-4.553,291.832,150.347,50.26,-45.335,-17.018,0.878,275.824,230.128,39.252,84.275,0.484,1.324,0.3,2.116,0.072,1.709,-0.024,0.179
112,13.245,-3.72,291.819,150.422,46.717,-47.031,-17.012,0.883,276.242,227.144,40.941,87.836,0.452,1.322,0.315,2.085,0.072,1.693,-0.023,0.18
113,13.482,-4.339,291.819,150.422,46.717,-49.541,-16.926,0.706,275.383,226.95,41.056,89.265,0.453,1.324,0.318,2.091,0.056,1.696,-0.021,0.181
114,13.51,-4.435,291.842,144.164,50.238,-47.853,-17.186,0.971,275.383,226.95,41.056,83.518,0.483,1.27,0.317,2.09,0.071,1.668,-0.02,0.182
115,13.763,-4.451,291.842,144.164,50.238,-43.884,-17.008,0.798,276.693,223.709,42.619,85.01,0.484,1.27,0.33,2.051,0.105,1.65,-0.018,0.183
116,13.504,-4.528,291.842,144.164,50.238,-38.292,-17.092,0.662,276.265,220.65,40.868,86.797,0.483,1.27,0.314,2.026,0.088,1.638,-0.017,0.184
117,13.693,-4.494,292.287,140.974,52.027,-46.907,-17.144,0.887,276.265,220.65,40.868,85.387,0.499,1.24,0.314,2.025,0.087,1.622,-0.015,0.184
118,13.934,-4.406,292.287,140.974,52.027,-47.012,-17.137,0.661,276.265,220.65,40.868,83.545,0.5,1.24,0.314,2.026,0.087,1.622,-0.014,0.184
119,13.867,-4.276,292.255,140.811,48.468,-44.62,-16.829,0.701,276.265,220.65,40.868,87.151,0.469,1.238,0.315,2.026,0.073,1.621,-0.012,0.183
120,13.329,-3.949,292.287,140.974,52.027,-41.305,-17.135,0.759,276.265,220.65,40.868,85.777,0.498,1.239,0.314,2.026,0.086,1.621,-0.01,0.182
121,13.299,-4.114,291.835,137.743,50.201,-47.073,-16.92,0.441,277.124,220.844,40.754,83.649,0.482,1.213,0.313,2.023,0.104,1.607,-0.009,0.182
122,13.248,-4.437,293.161,134.67,52.061,-45.172,-16.693,0.934,276.265,220.65,40.868,86.543,0.496,1.182,0.316,2.025,0.07,1.591,-0.007,0.18
123,13.463,-4.434,291.835,137.743,50.201,-47.526,-17.349,0.843,276.255,214.607,40.807,85.348,0.483,1.214,0.313,1.97,0.087,1.582,-0.005,0.179
124,13.863,-4.342,292.279,134.553,51.99,-46.517,-17.039,0.803,275.837,217.592,39.118,86.073,0.499,1.184,0.299,2.001,0.071,1.581,-0.004,0.177
125,13.638,-4.71,291.845,131.559,50.18,-44.149,-17.363,0.575,275.837,217.592,39.118,83.907,0.483,1.161,0.298,2.002,0.071,1.569,-0.002,0.176
126,13.284,-4.431,292.279,134.553,51.99,-42.702,-17.453,0.569,276.683,217.666,42.558,85.314,0.497,1.184,0.328,1.996,0.102,1.579,0,0.173
127,13.551,-4.305,291.859,131.485,53.723,-45.816,-16.956,0.443,276.719,211.292,38.93,80.393,0.514,1.159,0.297,1.938,0.104,1.538,0.001,0.171
128,13.527,-4.748,290.963,131.443,50.109,-45.499,-17.271,0.404,276.719,211.292,38.93,84.705,0.484,1.164,0.296,1.938,0.105,1.541,0.003,0.169
129,13.296,-4.746,291.407,128.253,51.897,-45.875,-17.484,0.354,276.278,208.114,40.734,84.614,0.498,1.134,0.312,1.912,0.103,1.513,0.005,0.166
130,13.27,-4.95,291.859,131.485,53.723,-44.511,-17.266,0.533,276.719,211.292,38.93,85.008,0.513,1.161,0.296,1.938,0.103,1.539,0.006,0.163
131,13.655,-4.784,292.289,128.37,51.968,-44.175,-17.359,0.49,276.278,208.114,40.734,88.875,0.498,1.132,0.312,1.912,0.086,1.511,0.008,0.159
132,13.233,-4.73,292.289,128.37,51.968,-47.385,-17.184,0.032,276.278,208.114,40.734,79.636,0.497,1.132,0.313,1.913,0.086,1.511,0.01,0.156
133,13.542,-4.969,292.289,128.37,51.968,-42.094,-17.715,0.355,276.291,208.234,37.18,82.039,0.498,1.132,0.278,1.913,0.07,1.512,0.011,0.152
134,13.427,-4.52,292.303,128.295,55.512,-42.274,-17.528,0.579,276.719,211.292,38.93,83.185,0.528,1.13,0.295,1.937,0.102,1.523,0.013,0.148
135,13.276,-4.848,292.289,128.37,51.968,-43.914,-17.493,0.445,276.278,208.114,40.734,82.521,0.497,1.132,0.312,1.912,0.085,1.511,0.014,0.144
136,13.326,-4.79,292.289,128.37,51.968,-45.202,-17.184,0.442,276.278,208.114,40.734,82.842,0.497,1.132,0.313,1.912,0.086,1.511,0.016,0.14
137,13.288,-4.615,291.859,131.485,53.723,-46.159,-17.234,0.571,275.432,208.04,37.295,81.369,0.513,1.16,0.282,1.916,0.07,1.527,0.017,0.136
138,13.386,-4.736,291.837,125.138,50.143,-44.501,-16.914,0.31,275.386,208.371,40.861,83.944,0.482,1.105,0.316,1.921,0.07,1.501,0.018,0.132
139,13.321,-4.506,292.289,128.37,51.968,-45.075,-16.875,0.126,274.968,211.356,39.171,80.662,0.497,1.131,0.301,1.952,0.053,1.529,0.02,0.128
140,13.448,-4.849,290.963,131.443,50.109,-43.124,-17.319,0.271,274.968,211.356,39.171,83.173,0.483,1.164,0.299,1.951,0.071,1.547,0.021,0.123
141,13.413,-4.718,291.859,131.485,53.723,-43.723,-17.1,0.436,274.968,211.356,39.171,84.243,0.513,1.16,0.3,1.951,0.069,1.544,0.022,0.119
142,13.231,-5.189,291.859,131.485,53.723,-42.219,-16.963,0.619,274.968,211.356,39.171,86.056,0.513,1.162,0.301,1.95,0.069,1.544,0.023,0.115
143,13.148,-4.528,292.71,131.438,50.235,-45.961,-17.007,0.308,274.968,211.356,39.171,83.201,0.481,1.156,0.301,1.951,0.036,1.541,0.024,0.111
144,13.65,-4.785,291.859,131.485,53.723,-43.345,-17.004,0.438,274.968,211.356,39.171,82.867,0.514,1.161,0.301,1.951,0.07,1.544,0.025,0.107
145,13.848,-4.97,292.289,128.37,51.968,-41.765,-16.916,0.656,275.396,214.414,40.922,84.648,0.499,1.132,0.317,1.975,0.07,1.541,0.025,0.103
146,13.403,-4.749,293.13,134.506,48.503,-42.814,-17.186,0.041,276.719,211.292,38.93,82.511,0.466,1.182,0.296,1.939,0.054,1.55,0.026,0.099
147,13.116,-4.957,293.161,134.67,52.061,-39.943,-16.69,0.218,275.837,217.592,39.118,88.627,0.496,1.184,0.3,2.003,0.053,1.581,0.027,0.095
148,13.492,-5.205,293.161,134.67,52.061,-42.117,-16.999,0.214,275.396,214.414,40.922,83.949,0.497,1.184,0.316,1.977,0.052,1.568,0.027,0.092
149,13.62,-4.998,293.582,137.738,50.328,-49.166,-17.054,0.255,274.968,211.356,39.171,86.695,0.482,1.209,0.3,1.951,0.02,1.568,0.028,0.088
150,13.676,-4.713,293.161,134.67,52.061,-45.349,-17.1,0.44,275.837,217.592,39.118,85.72,0.498,1.183,0.299,2.002,0.053,1.58,0.028,0.085
151,13.547,-4.973,292.71,131.438,50.235,-47.075,-17.058,0.393,275.396,214.414,40.922,87.096,0.482,1.157,0.316,1.976,0.053,1.554,0.028,0.082
152,13.759,-4.715,292.707,144.042,50.294,-45.249,-17.016,0.482,274.514,220.714,41.109,81.776,0.483,1.266,0.319,2.04,0.037,1.641,0.028,0.079
153,13.583,-4.63,292.707,144.042,50.294,-45.429,-17.013,0.525,274.086,217.656,39.359,86.332,0.483,1.266,0.303,2.015,0.02,1.628,0.028,0.076
154,13.847,-4.604,293.138,140.927,48.539,-43.863,-16.968,0.657,274.514,220.714,41.109,83.498,0.468,1.237,0.319,2.04,0.021,1.625,0.028,0.073
155,13.6,-4.626,292.707,144.042,50.294,-42.363,-16.833,0.297,274.955,223.892,39.305,83.212,0.483,1.266,0.302,2.067,0.038,1.654,0.028,0.071
156,13.419,-4.121,293.138,140.927,48.539,-40.571,-17.273,0.438,274.955,223.892,39.305,86.379,0.466,1.235,0.301,2.067,0.02,1.638,0.028,0.069
157,13.607,-4.32,292.683,150.3,46.773,-42.017,-16.655,0.525,274.514,220.714,41.109,86.434,0.452,1.319,0.32,2.04,0.022,1.668,0.028,0.068
158,13.686,-4.402,292.263,147.232,48.505,-44.241,-17.459,0.704,274.955,223.892,39.305,86.336,0.468,1.295,0.3,2.066,0.038,1.668,0.027,0.066
159,13.59,-4.341,292.714,150.464,50.331,-40.858,-16.959,0.522,274.514,220.714,41.109,86.029,0.483,1.32,0.319,2.04,0.037,1.669,0.027,0.065
160,13.287,-4.075,292.714,150.464,50.331,-42.596,-16.747,0.652,274.537,226.876,37.616,86.788,0.482,1.32,0.288,2.097,0.022,1.696,0.026,0.064
161,13.64,-4.58,292.714,150.464,50.331,-42.46,-16.927,0.609,275.383,226.95,41.056,87.115,0.483,1.321,0.318,2.091,0.054,1.694,0.026,0.064
162,13.918,-4.527,293.135,153.532,48.598,-43.528,-17.243,1.183,274.919,230.265,42.932,87.735,0.468,1.346,0.335,2.123,0.037,1.722,0.025,0.064
163,13.371,-4.179,292.691,156.722,46.809,-42.047,-16.79,0.574,274.955,223.892,39.305,86.458,0.452,1.374,0.303,2.066,0.022,1.709,0.025,0.064
164,13.553,-4.084,292.659,156.558,43.251,-44.739,-17.009,0.791,274.965,229.935,39.366,90.683,0.422,1.373,0.302,2.121,0.008,1.735,0.024,0.064
165,13.56,-4.449,293.135,153.532,48.598,-45.563,-17.058,0.744,274.073,230.192,39.493,87.818,0.467,1.345,0.304,2.131,0.004,1.725,0.024,0.065
166,13.579,-4.6,292.691,156.722,46.809,-47.68,-16.835,0.928,274.501,233.25,41.243,82.526,0.452,1.376,0.321,2.155,0.022,1.753,0.023,0.066
167,13.5,-4.304,292.691,156.722,46.809,-44.894,-16.832,1.152,274.501,233.25,41.243,88.599,0.452,1.375,0.321,2.154,0.022,1.752,0.022,0.067
168,13.773,-4.546,292.691,156.722,46.809,-46.715,-17.114,0.785,274.942,236.428,39.439,87.791,0.453,1.376,0.303,2.181,0.023,1.766,0.021,0.068
169,13.514,-4.348,292.681,162.905,46.831,-42.298,-16.978,1.148,274.037,236.565,43.12,88.186,0.452,1.429,0.338,2.189,0.021,1.796,0.02,0.07
170,13.321,-4.615,292.26,159.837,48.564,-38.154,-16.929,0.382,275.37,239.486,41.19,87.461,0.467,1.405,0.319,2.208,0.055,1.794,0.02,0.072
171,13.84,-4.811,292.681,162.905,46.831,-48.094,-16.935,0.606,274.478,239.743,41.316,85.713,0.454,1.43,0.321,2.216,0.023,1.811,0.019,0.075
172,13.998,-4.14,293.111,159.79,45.077,-47.349,-17.068,0.74,274.906,242.802,43.066,88.515,0.438,1.399,0.336,2.241,0.023,1.806,0.018,0.077
173,13.999,-4.529,293.563,163.022,46.902,-46.31,-17.298,1.015,275.37,239.486,41.19,84.594,0.453,1.426,0.318,2.205,0.022,1.803,0.017,0.08
174,13.42,-4.801,292.688,169.326,46.868,-45.105,-16.93,1.004,274.001,242.939,46.747,88.896,0.452,1.486,0.372,2.248,0.037,1.855,0.016,0.084
175,13.51,-4.575,292.688,169.326,46.868,-47.647,-16.976,1.011,274.906,242.802,43.066,87.144,0.453,1.485,0.337,2.24,0.038,1.851,0.016,0.087
176,13.607,-4.447,292.688,169.326,46.868,-49.974,-17.07,0.691,274.906,242.802,43.066,86.749,0.453,1.485,0.336,2.241,0.038,1.851,0.015,0.091
177,13.903,-4.277,292.236,166.095,45.042,-46.293,-17.165,0.908,275.357,252.022,41.324,84.208,0.439,1.458,0.319,2.321,0.041,1.877,0.014,0.095
178,13.638,-4.193,292.678,175.51,46.89,-48.334,-17.025,1.144,274.451,252.16,45.004,87.804,0.453,1.537,0.355,2.33,0.038,1.921,0.013,0.099
179,13.82,-4.098,291.813,175.631,46.834,-47.601,-17.12,0.507,274.429,258.653,45.077,90.672,0.455,1.543,0.355,2.392,0.056,1.954,0.013,0.104
180,13.524,-4.351,292.244,172.516,45.079,-47.865,-17.342,1.181,274.429,258.653,45.077,91.341,0.438,1.514,0.355,2.39,0.038,1.938,0.012,0.109
181,13.678,-4.46,292.234,178.699,45.101,-46.627,-17.623,1.093,274.856,261.711,46.828,89.169,0.439,1.568,0.369,2.415,0.055,1.979,0.012,0.114
182,13.677,-4.499,292.234,178.699,45.101,-46.952,-17.255,1.188,275.284,264.77,48.578,92.145,0.439,1.569,0.386,2.439,0.072,1.991,0.011,0.12
183,14.112,-4.46,292.234,178.699,45.101,-47.356,-17.53,1.05,275.298,264.889,45.024,88.832,0.44,1.568,0.352,2.44,0.056,1.991,0.011,0.126
184,13.947,-4.451,292.234,178.699,45.101,-45.178,-17.073,1.051,275.725,267.948,46.774,91.054,0.44,1.568,0.37,2.465,0.073,2.003,0.011,0.133
185,13.96,-4.4,292.234,178.699,45.101,-48.428,-17.162,1.269,275.261,271.263,48.651,87.848,0.44,1.568,0.387,2.499,0.072,2.019,0.01,0.139
186,13.613,-3.964,291.78,188.072,43.334,-46.799,-17.353,1.711,274.843,274.248,46.961,91.361,0.424,1.651,0.371,2.528,0.057,2.076,0.01,0.146
187,13.685,-4.062,292.662,188.189,43.405,-49.721,-17.437,1.445,274.843,274.248,46.961,90.611,0.423,1.647,0.371,2.529,0.039,2.074,0.01,0.154
188,13.638,-4.187,292.662,188.189,43.405,-45.48,-17.57,1.489,274.807,280.621,50.589,93.474,0.423,1.648,0.404,2.588,0.054,2.103,0.01,0.161
189,13.555,-3.654,292.218,191.379,41.616,-48.206,-17.392,1.409,274.807,280.621,50.589,92.789,0.408,1.676,0.405,2.589,0.056,2.118,0.01,0.17
190,13.783,-4.271,292.638,194.447,39.884,-48.692,-17.578,1.586,274.807,280.621,50.589,90.618,0.393,1.702,0.404,2.588,0.039,2.131,0.01,0.178
191,13.437,-4.138,291.357,197.609,45.126,-48.161,-17.456,1.791,273.925,286.921,50.776,90.57,0.439,1.737,0.408,2.654,0.072,2.181,0.01,0.187
192,13.787,-3.749,291.343,197.684,41.582,-49.958,-17.132,1.354,274.389,283.606,48.899,88.915,0.41,1.736,0.391,2.62,0.058,2.165,0.01,0.196
193,13.919,-4.196,292.207,197.562,41.638,-47.642,-16.999,1.839,274.83,286.784,47.095,87.425,0.409,1.732,0.374,2.644,0.042,2.174,0.01,0.206
194,13.899,-3.942,292.659,200.794,43.464,-51.13,-16.879,1.308,273.925,286.921,50.776,92.09,0.425,1.756,0.41,2.656,0.039,2.191,0.01,0.215
195,13.846,-4,291.795,200.915,43.408,-47.677,-17.228,1.395,273.925,286.921,50.776,91.305,0.425,1.763,0.409,2.655,0.056,2.195,0.01,0.226
196,13.917,-4.216,291.763,200.752,39.849,-47.81,-17.217,1.4,274.794,293.157,50.723,91.352,0.394,1.762,0.407,2.705,0.058,2.219,0.01,0.236
197,13.673,-3.712,292.215,203.983,41.675,-48.321,-17.393,1.936,275.258,289.842,48.846,92.79,0.409,1.786,0.388,2.668,0.057,2.213,0.01,0.246
198,13.825,-3.669,292.659,200.794,43.464,-48.402,-17.718,1.624,274.794,293.157,50.723,89.914,0.424,1.755,0.405,2.704,0.055,2.215,0.01,0.257
199,13.668,-3.397,292.215,203.983,41.675,-45.842,-17.23,1.844,274.794,293.157,50.723,90.704,0.409,1.785,0.407,2.703,0.057,2.23,0.01,0.268
200,13.82,-3.83,292.207,197.562,41.638,-52.305,-17.354,1.522,273.925,286.921,50.776,91.282,0.409,1.73,0.408,2.655,0.039,2.178,0.01,0.279
201,14.085,-4.069,291.787,194.494,43.371,-53.653,-17.178,1.664,273.925,286.921,50.776,98.103,0.426,1.707,0.409,2.654,0.057,2.166,0.011,0.29
202,13.75,-3.793,291.787,194.494,43.371,-51.427,-16.737,1.355,273.925,286.921,50.776,92.103,0.424,1.706,0.41,2.656,0.057,2.166,0.011,0.301
203,13.607,-4.094,291.787,194.494,43.371,-49.295,-17.671,1.714,273.925,286.921,50.776,93.074,0.424,1.707,0.407,2.654,0.055,2.166,0.011,0.312
204,13.773,-4.193,291.787,194.494,43.371,-48.671,-17.274,1.393,274.389,283.606,48.899,93.155,0.425,1.707,0.39,2.62,0.057,2.15,0.011,0.322
205,13.418,-3.497,291.787,194.494,43.371,-52.22,-17.482,1.625,274.389,283.606,48.899,90.32,0.423,1.705,0.39,2.619,0.056,2.148,0.011,0.333
206,13.659,-3.656,291.787,194.494,43.371,-46.099,-17.269,1.543,273.961,280.547,47.149,88.538,0.424,1.706,0.375,2.595,0.04,2.136,0.011,0.343
207,13.546,-3.921,291.787,194.494,43.371,-44.794,-17.127,1.363,274.379,277.563,48.838,90.357,0.424,1.706,0.39,2.565,0.056,2.122,0.011,0.353
208,13.82,-3.994,291.797,188.311,43.349,-46.169,-17.299,1.273,273.938,274.385,50.642,90.346,0.425,1.653,0.407,2.54,0.055,2.082,0.012,0.362
209,13.861,-4.207,292.662,188.189,43.405,-51.651,-17.484,1,274.412,277.112,48.826,87.42,0.424,1.648,0.389,2.561,0.039,2.09,0.012,0.372
210,13.905,-4.506,292.693,188.353,46.964,-49.385,-17.655,1.092,274.402,271.07,48.765,90.273,0.455,1.65,0.388,2.505,0.054,2.064,0.012,0.38
211,13.647,-3.624,292.662,188.189,43.405,-48.652,-17.396,1.264,274.843,274.248,46.961,86.648,0.423,1.646,0.371,2.53,0.039,2.074,0.012,0.389
212,13.962,-3.872,292.662,188.189,43.405,-51.127,-17.299,1.504,274.843,274.248,46.961,91.457,0.424,1.646,0.372,2.529,0.04,2.074,0.012,0.397
213,13.992,-4.035,293.106,184.999,45.194,-51.923,-17.349,1.228,274.843,274.248,46.961,95.997,0.439,1.617,0.372,2.53,0.039,2.059,0.012,0.404
214,13.786,-4.22,293.106,184.999,45.194,-44.081,-17.576,1.049,274.843,274.248,46.961,90.612,0.439,1.618,0.371,2.531,0.038,2.059,0.012,0.412
215,13.462,-3.87,292.662,188.189,43.405,-44.543,-17.48,1.67,275.271,277.306,48.712,92.096,0.423,1.646,0.387,2.553,0.055,2.086,0.012,0.419
216,13.723,-3.661,292.662,188.189,43.405,-44.825,-17.532,1.232,274.843,274.248,46.961,94.535,0.423,1.646,0.371,2.53,0.039,2.074,0.012,0.425
217,13.789,-3.613,292.662,188.189,43.405,-48.225,-17.126,1.451,274.402,271.07,48.765,88.165,0.424,1.646,0.39,2.504,0.039,2.061,0.012,0.431
218,13.515,-3.523,292.241,185.121,45.138,-46.831,-17.314,1.367,273.984,274.054,47.076,90.301,0.438,1.621,0.374,2.536,0.039,2.064,0.012,0.437
219,13.999,-3.461,292.662,188.189,43.405,-50.331,-17.346,1.314,274.402,271.07,48.765,89.518,0.424,1.645,0.389,2.504,0.039,2.061,0.012,0.443
220,13.839,-3.284,292.662,188.189,43.405,-46.8,-17.338,1.636,273.974,268.011,47.015,91.383,0.424,1.644,0.373,2.479,0.022,2.048,0.012,0.448
221,13.643,-3.739,292.241,185.121,45.138,-48.902,-17.25,1.46,273.974,268.011,47.015,91.427,0.439,1.622,0.374,2.479,0.038,2.037,0.012,0.453
222,13.781,-3.741,292.662,188.189,43.405,-50.113,-17.482,1.625,273.974,268.011,47.015,91.578,0.424,1.646,0.373,2.479,0.022,2.049,0.012,0.458
223,13.803,-3.586,292.241,185.121,45.138,-49.073,-17.119,1.897,273.974,268.011,47.015,90.293,0.439,1.621,0.374,2.478,0.039,2.036,0.011,0.462
224,14.227,-3.443,292.241,185.121,45.138,-50.506,-16.984,1.414,273.974,268.011,47.015,91.057,0.441,1.621,0.374,2.48,0.04,2.036,0.011,0.466
225,13.855,-3.662,293.137,185.163,48.752,-48.756,-17.393,1.941,273.533,264.833,48.819,91.299,0.47,1.617,0.39,2.452,0.036,2.02,0.011,0.47
226,13.937,-3.656,293.568,182.048,46.998,-49.569,-17.385,1.449,273.569,258.46,45.192,89.52,0.454,1.588,0.357,2.394,0.004,1.977,0.011,0.473
227,13.725,-3.253,292.686,181.931,46.927,-47.255,-17.122,1.41,274.01,261.638,43.388,89.933,0.454,1.59,0.34,2.42,0.022,1.991,0.01,0.476
228,13.587,-3.656,293.988,185.116,45.265,-43.141,-17.026,1.422,274.461,258.203,45.065,90.729,0.437,1.612,0.356,2.384,0.005,1.985,0.01,0.479
229,13.875,-3.693,293.13,178.741,48.716,-46.257,-16.994,1.321,273.569,258.46,45.192,91.016,0.469,1.561,0.358,2.395,0.021,1.964,0.01,0.481
230,13.873,-3.781,292.686,181.931,46.927,-43.618,-17.077,1.501,274.01,261.638,43.388,90.329,0.454,1.592,0.34,2.42,0.023,1.992,0.009,0.483
231,13.646,-3.665,292.686,181.931,46.927,-49.763,-17.211,1.417,273.569,258.46,45.192,89.254,0.454,1.591,0.357,2.395,0.021,1.979,0.009,0.484
232,13.775,-3.826,292.696,175.748,46.905,-47.295,-16.897,1.055,273.569,258.46,45.192,88.947,0.454,1.538,0.358,2.396,0.022,1.953,0.008,0.486
233,14.042,-3.612,292.244,172.516,45.079,-49.783,-17.109,1.372,273.164,248.908,43.368,87.465,0.44,1.512,0.341,2.309,0.006,1.897,0.008,0.487
234,13.953,-3.825,292.244,172.516,45.079,-47.248,-17.077,1.502,273.141,255.401,43.441,86.69,0.439,1.512,0.342,2.37,0.006,1.927,0.007,0.487
235,14.133,-3.749,293.14,172.558,48.694,-46.036,-17.163,1.46,273.582,245.924,45.058,88.47,0.47,1.508,0.356,2.278,0.021,1.88,0.006,0.487
236,13.725,-4.009,292.258,172.442,48.623,-44.827,-17.069,0.914,273.582,245.924,45.058,87.798,0.469,1.512,0.357,2.28,0.038,1.883,0.006,0.487
237,13.904,-3.882,292.688,169.326,46.868,-45.168,-17.38,0.829,274.046,242.608,43.181,88.804,0.454,1.483,0.337,2.246,0.022,1.852,0.005,0.487
238,14.029,-3.699,292.268,166.258,48.601,-48.556,-17.333,0.75,274.06,242.728,39.627,92.072,0.47,1.458,0.305,2.247,0.023,1.84,0.005,0.485
239,13.736,-3.321,292.712,163.069,50.39,-46.421,-17.02,0.739,274.046,242.608,43.181,86.73,0.484,1.426,0.339,2.246,0.037,1.823,0.004,0.484
240,13.541,-4.013,293.584,169.368,50.482,-49.062,-17.328,1.009,274.046,242.608,43.181,89.224,0.483,1.479,0.338,2.245,0.019,1.849,0.003,0.482
241,14.029,-4.096,293.132,166.137,48.657,-45.977,-17.179,0.925,274.464,239.624,44.87,88.897,0.469,1.454,0.353,2.214,0.037,1.821,0.003,0.48
242,13.904,-4.227,293.132,166.137,48.657,-49.331,-17.195,1.148,274.906,242.802,43.066,89.263,0.469,1.454,0.336,2.239,0.038,1.834,0.002,0.477
243,13.907,-3.817,292.712,163.069,50.39,-46.95,-17.156,0.97,274.474,245.666,44.931,85.341,0.485,1.428,0.354,2.27,0.054,1.835,0.002,0.475
244,13.597,-4.239,291.837,169.373,50.356,-49.082,-17.067,1.01,274.906,242.802,43.066,84.941,0.485,1.489,0.336,2.24,0.071,1.853,0.002,0.472
245,13.862,-4.298,291.837,169.373,50.356,-46.733,-17.557,1.058,275.333,245.86,44.817,87.051,0.486,1.489,0.35,2.264,0.087,1.865,0.001,0.468
246,13.779,-3.841,291.386,166.142,48.53,-46.618,-17.292,0.874,275.333,245.86,44.817,84.916,0.47,1.461,0.351,2.265,0.089,1.852,0.001,0.465
247,13.738,-3.471,291.837,169.373,50.356,-46.899,-17.069,0.83,275.333,245.86,44.817,86.322,0.485,1.486,0.352,2.265,0.088,1.864,0.001,0.461
248,13.693,-4.18,290.511,172.446,48.496,-52.128,-17.114,0.834,275.333,245.86,44.817,86.063,0.471,1.522,0.352,2.265,0.106,1.884,0.002,0.458
249,13.948,-3.875,291.813,175.631,46.834,-49.721,-17.597,0.558,275.775,249.038,43.013,87.769,0.455,1.542,0.333,2.292,0.073,1.906,0.002,0.454
250,14.048,-4.047,291.393,172.563,48.567,-48.942,-17.476,0.733,275.739,255.412,46.64,83.11,0.471,1.518,0.367,2.35,0.105,1.923,0.002,0.451
251,13.874,-3.682,290.949,175.753,46.778,-50.246,-17.168,0.875,276.166,258.47,48.39,87.491,0.456,1.547,0.384,2.374,0.123,1.95,0.003,0.448
252,13.69,-4.334,291.369,178.821,45.045,-53.213,-17.601,0.874,276.166,258.47,48.39,88.838,0.439,1.574,0.382,2.374,0.105,1.963,0.004,0.445
253,13.742,-3.963,290.939,181.936,46.8,-50.113,-17.561,0.466,277.035,264.706,48.337,86.728,0.456,1.602,0.38,2.425,0.139,2.004,0.005,0.442
254,13.663,-4.022,290.516,191.472,48.592,-50.422,-17.555,0.867,276.153,271.006,48.524,90.706,0.472,1.688,0.383,2.49,0.139,2.079,0.006,0.439
255,13.726,-3.596,290.072,194.662,46.803,-51.876,-17.784,1.229,276.581,274.064,50.275,90.284,0.457,1.717,0.398,2.512,0.156,2.105,0.007,0.437
256,13.922,-3.746,290.072,194.662,46.803,-51.673,-17.885,0.822,276.986,283.616,52.098,92.727,0.458,1.717,0.414,2.598,0.172,2.147,0.008,0.435
257,14.042,-3.75,290.061,200.845,46.825,-50.032,-17.471,1.178,276.558,280.558,50.348,91.025,0.458,1.772,0.4,2.573,0.157,2.163,0.01,0.434
258,13.879,-3.322,290.069,207.267,46.861,-51.598,-18.071,0.863,276.104,289.916,52.286,90.971,0.458,1.826,0.416,2.664,0.156,2.235,0.012,0.434
259,13.792,-3.619,289.639,210.382,48.616,-51.077,-17.612,1.213,276.532,292.974,54.036,88.852,0.474,1.857,0.433,2.687,0.189,2.262,0.014,0.434
260,13.843,-3.575,289.194,213.571,46.827,-56.641,-17.485,1.755,276.509,299.467,54.109,92.096,0.459,1.888,0.434,2.745,0.191,2.307,0.016,0.435
261,14.018,-3.085,289.636,222.986,48.675,-52.628,-17.717,1.031,276.95,302.645,52.305,92.405,0.475,1.966,0.416,2.772,0.19,2.36,0.018,0.437
262,13.567,-3.142,288.764,216.686,48.582,-54.548,-17.977,1.076,276.045,302.783,55.986,96.293,0.474,1.917,0.451,2.782,0.205,2.34,0.02,0.44
263,13.625,-3.086,289.216,219.918,50.408,-53.019,-17.743,1.303,277.388,311.747,54.116,94.222,0.49,1.942,0.432,2.85,0.223,2.387,0.023,0.443
264,13.882,-2.836,289.643,229.408,48.712,-55.183,-17.572,1.487,276.96,308.688,52.366,96.392,0.475,2.022,0.417,2.826,0.191,2.415,0.026,0.448
265,13.488,-2.964,289.633,235.591,48.733,-57.388,-17.813,1.837,277.365,318.24,54.189,94.558,0.474,2.076,0.433,2.908,0.206,2.483,0.029,0.453
266,13.845,-3.007,289.213,232.523,50.466,-54.871,-17.984,1.528,277.793,321.298,55.94,97.104,0.491,2.052,0.447,2.932,0.239,2.484,0.032,0.459
267,14.062,-2.965,289.21,245.127,50.525,-57.578,-17.582,1.519,277.793,321.298,55.94,97.481,0.492,2.163,0.449,2.932,0.241,2.54,0.035,0.465
268,13.444,-2.916,289.21,245.127,50.525,-50.861,-17.681,1.477,277.77,327.791,56.013,95.696,0.49,2.163,0.449,2.992,0.239,2.569,0.038,0.473
269,14.028,-2.427,289.662,248.359,52.351,-57.987,-18.078,1.3,277.78,333.834,56.074,97.404,0.507,2.186,0.448,3.048,0.239,2.608,0.042,0.481
270,13.663,-2.396,289.218,251.549,50.562,-56.346,-17.729,1.462,277.316,337.15,57.951,98.798,0.491,2.217,0.467,3.083,0.239,2.641,0.046,0.49
271,13.704,-2.792,288.343,257.853,50.528,-58.132,-18.35,1.833,277.316,337.15,57.951,102.344,0.492,2.281,0.465,3.081,0.256,2.673,0.049,0.5
272,13.347,-1.995,287.913,260.968,52.283,-60.234,-17.548,1.882,277.316,337.15,57.951,93.612,0.507,2.309,0.468,3.081,0.274,2.688,0.053,0.511
273,13.451,-2.399,288.333,264.037,50.55,-55.089,-18.077,2.005,276.42,343.33,61.692,98.077,0.492,2.334,0.502,3.148,0.256,2.732,0.057,0.522
274,13.668,-2.781,288.364,264.2,54.108,-62.586,-17.774,2.003,276.433,343.45,58.138,97.764,0.524,2.337,0.471,3.149,0.256,2.734,0.061,0.534
275,13.635,-2.083,287.92,267.39,52.319,-56.046,-17.902,1.836,276.433,343.45,58.138,99.559,0.509,2.366,0.47,3.149,0.257,2.75,0.065,0.547
276,14.028,-2.091,287.92,267.39,52.319,-53.696,-17.904,2.457,275.992,340.272,59.942,95.3,0.51,2.366,0.487,3.123,0.257,2.736,0.07,0.561
277,13.809,-2.085,287.49,270.505,54.074,-54.68,-17.544,2.275,275.956,346.645,63.569,98.139,0.526,2.397,0.522,3.182,0.29,2.782,0.074,0.575
278,13.456,-1.94,288.333,264.037,50.55,-59.872,-17.602,2.101,275.992,340.272,59.942,99.235,0.492,2.333,0.489,3.124,0.24,2.72,0.078,0.589
279,13.444,-1.994,288.785,267.268,52.375,-56.107,-17.815,2.181,276.42,343.33,61.692,98.824,0.507,2.358,0.503,3.147,0.255,2.744,0.082,0.604
280,13.445,-2.375,288.341,270.458,50.587,-59.604,-17.957,1.921,276.861,346.508,59.888,99.918,0.492,2.391,0.485,3.172,0.257,2.773,0.087,0.619
281,13.953,-2.477,288.785,267.268,52.375,-54.685,-17.868,1.476,277.289,349.566,61.639,94.893,0.509,2.359,0.501,3.197,0.273,2.77,0.091,0.634
282,13.799,-1.998,289.215,264.153,50.621,-58.943,-17.906,1.962,277.279,343.523,61.578,99.881,0.492,2.327,0.5,3.14,0.255,2.725,0.095,0.65
283,13.413,-2.07,289.681,267.31,55.99,-54.949,-17.96,2.37,278.171,343.266,61.451,100.663,0.537,2.351,0.497,3.126,0.286,2.731,0.099,0.665
284,13.743,-2.191,289.659,260.964,52.409,-54.488,-18.038,2.277,277.707,346.582,63.328,98.51,0.507,2.296,0.515,3.162,0.27,2.72,0.104,0.681
285,13.655,-2.194,289.681,267.31,55.99,-58.53,-17.775,2.14,276.861,346.508,59.888,101.025,0.538,2.351,0.486,3.171,0.254,2.752,0.108,0.696
286,13.63,-2.313,289.667,267.385,52.446,-53.737,-17.999,1.659,277.325,343.192,58.012,101.689,0.507,2.353,0.467,3.137,0.239,2.736,0.112,0.711
287,13.746,-1.819,289.659,260.964,52.409,-54.519,-18.162,2.191,276.884,340.014,59.815,100.243,0.507,2.295,0.484,3.111,0.238,2.694,0.116,0.727
288,13.39,-1.876,289.659,260.964,52.409,-54.772,-17.632,2.064,276.884,340.014,59.815,97.855,0.506,2.295,0.486,3.112,0.238,2.694,0.12,0.742
289,13.753,-2.309,290.111,264.195,54.235,-52.74,-18.08,2.28,275.992,340.272,59.942,101.659,0.522,2.321,0.487,3.123,0.22,2.712,0.123,0.757
290,13.659,-2.083,290.111,264.195,54.235,-52.376,-17.501,2.367,275.992,340.272,59.942,100.646,0.522,2.32,0.489,3.123,0.221,2.712,0.127,0.771
291,13.782,-1.901,290.111,264.195,54.235,-53.928,-17.761,2.455,275.992,340.272,59.942,105.624,0.522,2.32,0.488,3.123,0.22,2.711,0.13,0.785
292,13.881,-1.649,290.111,264.195,54.235,-55.391,-17.463,2.456,275.564,337.213,58.191,96.059,0.523,2.319,0.474,3.099,0.205,2.699,0.133,0.799
293,13.486,-1.431,289.239,257.895,54.142,-58.116,-17.814,2.542,274.705,337.02,58.306,98.074,0.522,2.27,0.475,3.107,0.204,2.678,0.136,0.813
294,13.575,-1.696,289.239,257.895,54.142,-51.836,-17.82,2.949,274.705,337.02,58.306,99.138,0.522,2.271,0.475,3.106,0.205,2.677,0.139,0.826
295,13.66,-1.384,288.367,251.595,54.049,-56.53,-17.64,2.369,273.836,330.783,58.359,95.252,0.523,2.221,0.478,3.06,0.206,2.629,0.142,0.839
296,13.717,-1.68,288.819,254.827,55.875,-54.991,-17.632,2.774,274.718,324.484,58.172,97.026,0.539,2.247,0.474,2.99,0.221,2.609,0.144,0.852
297,13.705,-2.124,289.662,248.359,52.351,-55.789,-17.238,2.82,274.718,324.484,58.172,98.521,0.506,2.185,0.476,2.99,0.189,2.577,0.147,0.864
298,13.701,-2.252,289.242,245.291,54.084,-48.38,-17.589,2.421,274.29,321.425,56.421,98.145,0.522,2.162,0.459,2.968,0.188,2.554,0.149,0.875
299,13.569,-2.085,290.116,238.986,54.118,-52.996,-17.893,2.327,274.754,318.11,54.545,92.759,0.52,2.1,0.44,2.932,0.17,2.505,0.151,0.885
300,13.871,-1.811,290.116,238.986,54.118,-50.571,-17.592,2.281,274.754,318.11,54.545,93.468,0.521,2.099,0.441,2.933,0.171,2.504,0.152,0.895
301,13.573,-1.716,290.561,235.796,55.906,-52.986,-18.205,2.427,275.195,308.632,56.161,93.765,0.535,2.067,0.453,2.84,0.185,2.443,0.154,0.904
302,14.279,-2.335,291.435,229.492,55.94,-51.75,-17.278,2.465,274.767,305.574,54.411,96.033,0.536,2.008,0.441,2.816,0.153,2.4,0.155,0.912
303,13.819,-2.351,290.984,226.26,54.115,-52.487,-17.263,2.378,275.231,302.259,52.534,88.927,0.52,1.983,0.423,2.781,0.155,2.371,0.156,0.92
304,13.766,-2.42,290.976,219.839,54.078,-48.107,-17.589,2.072,274.804,299.2,50.784,89.571,0.519,1.927,0.406,2.758,0.138,2.331,0.157,0.926
305,13.804,-2.355,290.994,220.077,54.093,-49.753,-17.225,1.935,274.781,293.038,54.277,89.232,0.519,1.929,0.44,2.702,0.153,2.304,0.158,0.931
306,13.777,-2.512,290.986,213.655,54.056,-51.959,-17.268,2.248,274.399,289.649,48.96,91.379,0.519,1.874,0.391,2.673,0.122,2.262,0.159,0.936
307,13.877,-2.427,291.44,204.282,55.823,-50.713,-17.264,1.76,274.817,286.664,50.65,91.05,0.534,1.789,0.406,2.643,0.136,2.203,0.159,0.939
308,13.82,-2.588,291.44,204.282,55.823,-48.05,-17.125,1.799,274.376,283.486,52.453,92.419,0.534,1.789,0.424,2.618,0.136,2.191,0.159,0.942
309,13.679,-2.82,290.989,201.051,53.997,-49.617,-17.344,1.986,273.948,280.428,50.703,92.064,0.518,1.765,0.407,2.593,0.12,2.166,0.159,0.943
310,14.088,-3.18,291.433,197.861,55.786,-46.495,-17.218,1.749,274.389,283.606,48.899,88.503,0.534,1.735,0.391,2.619,0.12,2.164,0.159,0.943
311,14.183,-3.404,291.012,194.793,57.519,-51.733,-17.477,2.165,274.412,277.112,48.826,92.408,0.551,1.712,0.389,2.557,0.137,2.122,0.158,0.943
312,13.859,-2.921,291.443,191.678,55.764,-50.267,-17.206,1.766,273.984,274.054,47.076,94.953,0.533,1.681,0.374,2.534,0.103,2.094,0.158,0.941
313,13.96,-3.347,290.991,188.446,53.939,-48.232,-17.493,1.809,273.52,277.369,48.953,90.278,0.519,1.656,0.391,2.569,0.103,2.099,0.157,0.939
314,13.738,-3.209,290.991,188.446,53.939,-48.227,-17.437,1.583,273.984,274.054,47.076,86.727,0.518,1.656,0.373,2.535,0.104,2.082,0.156,0.936
315,13.864,-3.441,290.991,188.446,53.939,-43.418,-17.123,1.369,273.984,274.054,47.076,90.367,0.518,1.657,0.375,2.536,0.105,2.083,0.155,0.932
316,13.762,-3.447,291.412,191.514,52.206,-49.57,-16.95,1.529,273.52,277.369,48.953,86.756,0.502,1.681,0.393,2.57,0.087,2.112,0.154,0.927
317,13.834,-3.62,291.856,188.325,53.995,-51.485,-17.433,1.398,273.52,277.369,48.953,90.233,0.517,1.651,0.391,2.571,0.086,2.096,0.152,0.922
318,13.556,-3.078,292.308,191.556,55.82,-48.461,-17.307,1.225,273.948,280.428,50.703,88.532,0.531,1.675,0.408,2.596,0.101,2.12,0.151,0.916
319,13.874,-2.818,291.412,191.514,52.206,-48.962,-17.574,1.541,273.948,280.428,50.703,93.815,0.502,1.679,0.407,2.595,0.103,2.123,0.149,0.91
320,14.102,-3.58,291.419,197.936,52.243,-47.624,-17.349,1.398,274.389,283.606,48.899,88.823,0.504,1.737,0.39,2.62,0.104,2.166,0.147,0.903
321,14.194,-3.137,291.419,197.936,52.243,-52.441,-17.574,1.537,273.493,289.786,52.641,93.138,0.504,1.736,0.425,2.686,0.103,2.196,0.146,0.897
322,14.183,-3.255,291.84,201.004,50.51,-47.955,-17.182,2.021,273.935,292.964,50.837,83.835,0.488,1.761,0.409,2.709,0.088,2.22,0.144,0.89
323,14.105,-3.345,291.417,210.54,52.301,-46.564,-17.537,2.472,273.935,292.964,50.837,88.146,0.504,1.847,0.408,2.708,0.104,2.264,0.142,0.883
324,14.043,-2.917,291.417,210.54,52.301,-51.779,-17.582,2.16,273.039,299.144,54.579,93.798,0.504,1.845,0.444,2.775,0.103,2.295,0.14,0.877
325,14.098,-2.996,292.289,216.84,52.394,-48.58,-17.506,1.925,273.48,302.322,52.775,94.151,0.503,1.895,0.427,2.801,0.086,2.333,0.138,0.87
326,13.701,-2.994,291.414,223.145,52.36,-48.866,-17.684,2.151,273.016,305.637,54.652,93.746,0.503,1.955,0.444,2.836,0.102,2.381,0.136,0.864
327,13.612,-2.119,291.834,226.213,50.627,-47.456,-17.413,2.38,273.026,311.68,54.713,93.477,0.487,1.976,0.446,2.891,0.087,2.418,0.134,0.859
328,13.779,-2.395,291.842,232.635,50.664,-52.377,-17.462,2.326,272.575,315.115,53.035,97.037,0.488,2.033,0.431,2.928,0.07,2.465,0.132,0.854
329,13.78,-2.257,290.967,238.939,50.63,-50.721,-17.555,2.597,272.121,324.473,54.973,94.886,0.489,2.094,0.449,3.019,0.087,2.541,0.13,0.85
330,13.742,-2.343,290.537,242.054,52.385,-53.757,-17.828,2.991,272.121,324.473,54.973,98.729,0.505,2.124,0.448,3.018,0.104,2.556,0.128,0.846
331,14.1,-2.43,290.967,238.939,50.63,-49.518,-18.096,2.767,272.99,330.71,54.92,96.199,0.49,2.094,0.445,3.067,0.104,2.565,0.125,0.844
332,14.019,-2.223,291.409,248.354,52.477,-50.659,-17.606,2.639,273.859,336.946,54.866,96.357,0.505,2.172,0.445,3.116,0.121,2.629,0.123,0.842
333,14.096,-2.925,290.965,251.544,50.689,-56.354,-17.908,2.687,273.418,333.768,56.67,99.85,0.491,2.206,0.462,3.091,0.121,2.635,0.121,0.84
334,14.059,-2.08,290.965,251.544,50.689,-54.948,-17.605,2.414,273.395,340.261,56.743,100.951,0.491,2.203,0.463,3.152,0.122,2.663,0.119,0.84
335,14.006,-1.764,290.965,251.544,50.689,-51.223,-17.695,2.906,273.823,343.32,58.493,98.511,0.49,2.202,0.479,3.174,0.138,2.673,0.118,0.84
336,13.562,-2.043,291.416,254.776,52.514,-52.691,-17.578,2.724,273.359,346.635,60.37,91.679,0.504,2.228,0.497,3.211,0.135,2.704,0.116,0.842
337,13.623,-1.94,291.406,260.959,52.536,-53.583,-17.695,2.811,274.251,346.378,60.244,94.93,0.505,2.281,0.494,3.198,0.153,2.726,0.114,0.844
338,13.896,-1.851,291.393,261.034,48.993,-50.884,-17.927,2.81,274.228,352.871,60.317,96.671,0.475,2.282,0.494,3.258,0.137,2.755,0.113,0.846
339,13.927,-2.599,290.518,267.338,48.959,-52.932,-17.837,2.32,273.81,355.856,58.627,96.999,0.476,2.346,0.479,3.293,0.139,2.805,0.112,0.85
340,13.804,-1.726,290.087,270.453,50.713,-51.946,-18.017,2.715,273.774,362.229,62.254,98.762,0.491,2.374,0.512,3.351,0.171,2.848,0.11,0.854
341,13.998,-2.168,290.539,273.685,52.539,-55.731,-17.761,2.902,274.215,365.407,60.451,100.941,0.507,2.4,0.496,3.374,0.171,2.873,0.109,0.859
342,13.795,-2.311,289.664,279.99,52.505,-54.452,-17.711,2.894,273.797,368.392,58.761,103.399,0.508,2.463,0.481,3.407,0.173,2.922,0.108,0.865
343,13.796,-1.948,289.641,286.248,48.983,-56.576,-18.061,2.884,273.76,374.766,62.388,97.655,0.477,2.517,0.514,3.467,0.173,2.978,0.108,0.872
344,13.979,-1.513,289.664,279.99,52.505,-50.109,-17.263,3.018,273.297,378.081,64.265,100.981,0.508,2.46,0.535,3.503,0.189,2.966,0.107,0.879
345,13.804,-1.517,290.092,289.479,50.809,-57.878,-17.545,3.059,272.878,381.065,62.576,99.121,0.492,2.54,0.519,3.536,0.156,3.023,0.107,0.888
346,13.495,-1.286,289.662,292.594,52.564,-50.074,-17.764,3.378,273.747,387.302,62.522,100.594,0.507,2.57,0.516,3.581,0.189,3.061,0.106,0.897
347,13.973,-1.35,289.218,295.784,50.775,-55.089,-17.679,3.604,273.747,387.302,62.522,100.196,0.494,2.602,0.516,3.581,0.191,3.078,0.106,0.907
348,13.982,-1.546,290.09,302.084,50.868,-52.509,-17.808,3.067,274.189,390.48,60.718,100.546,0.493,2.65,0.498,3.606,0.174,3.115,0.106,0.918
349,14.161,-1.437,289.218,295.784,50.775,-52.334,-17.585,3.51,273.77,393.464,59.029,100.954,0.495,2.603,0.484,3.638,0.176,3.106,0.106,0.929
350,13.97,-1.137,289.638,298.852,49.042,-54.078,-17.723,3.506,273.748,399.958,59.102,101.316,0.478,2.625,0.484,3.698,0.159,3.146,0.106,0.942
351,13.805,-1.688,289.215,308.389,50.834,-52.993,-17.852,3.371,273.734,399.838,62.656,101.318,0.494,2.714,0.517,3.698,0.191,3.193,0.106,0.955
352,13.625,-1.259,289.215,308.389,50.834,-52.197,-17.861,3.689,273.734,399.838,62.656,97.332,0.493,2.713,0.517,3.697,0.19,3.191,0.107,0.968
353,13.613,-1.833,289.659,305.199,52.622,-47.721,-17.412,3.419,274.162,402.896,64.407,101.005,0.508,2.683,0.534,3.72,0.207,3.187,0.107,0.983
354,13.884,-1.22,289.215,308.389,50.834,-54.631,-17.862,3.731,273.27,403.153,64.533,104.107,0.494,2.713,0.535,3.734,0.19,3.209,0.108,0.997
355,13.887,-1.414,289.215,308.389,50.834,-54.981,-18.044,3.778,273.734,399.838,62.656,102.319,0.494,2.713,0.516,3.696,0.191,3.191,0.108,1.013
356,13.846,-1.623,289.215,308.389,50.834,-54.778,-18.048,3.915,273.734,399.838,62.656,99.157,0.494,2.714,0.516,3.696,0.191,3.191,0.109,1.028
357,14.1,-1.846,289.215,308.389,50.834,-59.343,-17.958,3.598,273.734,399.838,62.656,103.051,0.495,2.715,0.516,3.697,0.191,3.192,0.11,1.044
358,14.013,-1.725,289.215,308.389,50.834,-57.049,-17.764,3.378,273.734,399.838,62.656,101.985,0.495,2.714,0.517,3.698,0.191,3.193,0.11,1.06
359,13.619,-1.611,289.635,311.457,49.101,-54.314,-18.034,3.372,273.734,399.838,62.656,101.985,0.477,2.737,0.516,3.698,0.174,3.204,0.111,1.076
360,13.705,-1.797,289.215,308.389,50.834,-59.979,-17.698,2.826,273.27,403.153,64.533,91.946,0.494,2.715,0.536,3.737,0.19,3.211,0.112,1.092
361,13.943,-1.604,289.667,311.62,52.659,-55.379,-17.909,3.332,274.175,403.016,60.852,98.375,0.51,2.738,0.499,3.722,0.191,3.216,0.113,1.108
362,13.969,-1.831,290.531,311.499,52.715,-54.679,-17.682,3.599,273.712,406.331,62.729,100.29,0.509,2.73,0.518,3.758,0.173,3.228,0.114,1.125
363,13.961,-0.985,290.531,311.499,52.715,-60.726,-18.219,4.044,274.175,403.016,60.852,98.736,0.509,2.727,0.498,3.719,0.172,3.208,0.115,1.141
364,13.793,-1.402,290.087,314.689,50.926,-58.158,-17.818,3.909,273.293,409.316,61.04,104.47,0.493,2.76,0.503,3.79,0.157,3.26,0.116,1.157
365,13.705,-1.033,290.087,314.689,50.926,-57.416,-17.558,4.126,273.28,409.196,64.594,99.157,0.493,2.759,0.537,3.788,0.173,3.258,0.116,1.174
366,13.903,-1.61,290.087,314.689,50.926,-58.601,-17.686,3.689,273.293,409.316,61.04,98.817,0.494,2.761,0.503,3.791,0.158,3.261,0.117,1.19
367,14.147,-1.389,290.108,321.035,54.507,-54.566,-17.322,4.092,273.293,409.316,61.04,99.943,0.526,2.816,0.505,3.789,0.174,3.288,0.118,1.206
368,13.97,-0.875,289.643,317.878,49.138,-55.272,-17.728,4.227,273.293,409.316,61.04,102.043,0.479,2.791,0.503,3.789,0.159,3.275,0.119,1.222
369,13.974,-0.572,289.664,324.225,52.718,-55.36,-17.784,3.812,272.829,412.631,62.917,102.686,0.51,2.845,0.521,3.828,0.174,3.322,0.119,1.239
370,13.939,-0.405,289.633,324.062,49.159,-60.467,-17.69,4.357,272.411,415.616,61.227,102.004,0.479,2.843,0.507,3.859,0.142,3.336,0.12,1.255
371,14.03,-0.239,289.234,327.34,54.473,-56.337,-18.042,4.533,272.434,409.122,61.154,101.957,0.527,2.875,0.505,3.798,0.174,3.323,0.12,1.271
372,13.886,-0.233,289.664,324.225,52.718,-56.448,-17.775,4.411,271.97,412.438,63.031,101.694,0.51,2.844,0.524,3.836,0.157,3.324,0.121,1.287
373,13.866,-0.376,290.085,327.293,50.985,-56.073,-17.652,4.353,272.006,406.064,59.404,96.606,0.494,2.867,0.49,3.776,0.125,3.307,0.121,1.303
374,13.807,-0.451,290.085,327.293,50.985,-55.533,-17.377,4.265,272.434,409.122,61.154,100.261,0.494,2.867,0.507,3.799,0.142,3.319,0.122,1.318
375,14.109,-0.893,290.085,327.293,50.985,-56.696,-17.597,4.806,272.434,409.122,61.154,99.894,0.495,2.869,0.506,3.797,0.142,3.318,0.122,1.334
376,13.802,-0.425,289.664,324.225,52.718,-59.496,-17.235,4.893,272.424,403.08,61.093,99.218,0.51,2.845,0.507,3.74,0.158,3.279,0.122,1.349
377,14.097,-0.572,290.529,324.104,52.774,-58.296,-17.194,4.994,272.424,403.08,61.093,101.757,0.51,2.835,0.507,3.74,0.141,3.273,0.122,1.364
378,14.243,-0.564,290.539,317.92,52.752,-57.161,-17.723,4.405,272.888,399.764,59.217,98.435,0.51,2.781,0.487,3.705,0.141,3.229,0.123,1.378
379,13.76,-0.693,290.539,317.92,52.752,-57.063,-17.644,4.313,272.424,403.08,61.093,99.85,0.508,2.782,0.505,3.743,0.139,3.247,0.123,1.392
380,14.234,-0.761,290.539,317.92,52.752,-55.348,-17.857,3.96,272.911,393.271,59.144,100.237,0.51,2.782,0.486,3.646,0.141,3.2,0.123,1.406
381,13.935,-0.147,290.108,321.035,54.507,-57.029,-17.542,3.908,273.306,396.78,60.906,101.648,0.525,2.811,0.502,3.673,0.173,3.229,0.123,1.419
382,13.922,-0.985,290.118,314.852,54.485,-56.074,-17.367,4.049,273.306,396.78,60.906,107.044,0.525,2.76,0.503,3.673,0.173,3.203,0.123,1.431
383,14.076,-0.505,290.531,311.499,52.715,-56.813,-17.454,3.863,273.306,396.78,60.906,100.631,0.509,2.725,0.503,3.674,0.157,3.185,0.123,1.443
384,13.817,-0.318,290.087,314.689,50.926,-56.585,-17.454,4.14,273.77,393.464,59.029,102.065,0.493,2.757,0.485,3.636,0.158,3.183,0.123,1.455
385,14.157,-0.459,289.635,311.457,49.101,-54.939,-17.624,4.236,273.329,390.286,60.833,101.369,0.479,2.733,0.501,3.612,0.159,3.16,0.123,1.466
386,13.889,-0.512,289.236,314.735,54.414,-57.285,-17.768,4.052,272.901,387.228,59.083,100.243,0.526,2.766,0.485,3.589,0.174,3.166,0.123,1.476
387,13.526,-0.602,289.667,311.62,52.659,-55.546,-17.549,4.135,272.437,390.543,60.959,96.264,0.508,2.735,0.505,3.626,0.156,3.167,0.123,1.486
388,13.889,-0.816,288.785,311.504,52.588,-52.199,-17.503,3.873,272.901,387.228,59.083,98.76,0.51,2.743,0.486,3.59,0.176,3.154,0.123,1.495
389,13.934,-0.641,289.659,305.199,52.622,-58.282,-17.546,3.873,272.924,380.735,59.01,104.15,0.509,2.678,0.486,3.529,0.158,3.091,0.123,1.504
390,13.983,-0.953,289.659,305.199,52.622,-55.476,-17.625,3.831,272.938,380.854,55.455,100.254,0.51,2.68,0.452,3.53,0.142,3.092,0.123,1.512
391,13.917,-0.648,289.208,301.967,50.797,-53.395,-17.763,3.879,272.878,381.065,62.576,104.51,0.494,2.654,0.518,3.533,0.174,3.081,0.123,1.519
392,14.039,-0.31,290.09,302.084,50.868,-53.347,-17.142,3.786,273.356,377.87,57.145,101.74,0.494,2.646,0.469,3.497,0.142,3.059,0.123,1.526
393,13.979,-0.674,289.669,299.016,52.601,-55.427,-17.626,4.417,273.32,384.243,60.772,97.84,0.509,2.624,0.501,3.555,0.173,3.076,0.123,1.532
394,13.971,-0.414,290.09,302.084,50.868,-55.39,-17.582,4.019,272.451,378.007,60.825,100.645,0.493,2.646,0.503,3.509,0.14,3.064,0.123,1.537
395,13.598,-0.596,290.09,302.084,50.868,-56.023,-17.218,4.007,273.784,380.928,58.895,95.638,0.492,2.647,0.484,3.52,0.158,3.071,0.123,1.542
396,13.888,-0.759,289.669,299.016,52.601,-52.52,-17.896,3.733,273.32,384.243,60.772,103.753,0.509,2.625,0.5,3.557,0.173,3.077,0.123,1.547
397,13.653,-0.421,289.659,305.199,52.622,-52.883,-17.461,4.539,273.761,387.421,58.968,95.964,0.508,2.678,0.484,3.578,0.174,3.115,0.123,1.551
398,13.711,-0.765,288.763,305.157,49.008,-53.828,-18.021,4.409,273.784,380.928,58.895,98.052,0.478,2.687,0.481,3.518,0.175,3.091,0.123,1.555
399,14.025,-1.002,289.208,301.967,50.797,-52.568,-17.852,3.873,273.747,387.302,62.522,99.509,0.494,2.656,0.516,3.58,0.191,3.105,0.123,1.558
400,13.876,-0.959,289.215,308.389,50.834,-51.18,-17.535,4.232,273.747,387.302,62.522,98.506,0.494,2.712,0.517,3.578,0.191,3.133,0.123,1.561
401,13.986,-0.896,290.087,314.689,50.926,-57.176,-17.853,4.63,274.616,393.538,62.469,97.722,0.494,2.758,0.513,3.623,0.19,3.179,0.124,1.564
402,13.679,-0.338,289.215,308.389,50.834,-56.179,-17.67,4.232,274.616,393.538,62.469,99.51,0.494,2.71,0.514,3.625,0.208,3.155,0.124,1.567
403,14.036,-0.659,289.236,314.735,54.414,-55.567,-17.942,4.581,273.734,399.838,62.656,97.371,0.526,2.766,0.516,3.694,0.207,3.217,0.124,1.569
404,14.164,-0.197,289.212,320.993,50.892,-57.784,-17.636,4.721,273.734,399.838,62.656,101.024,0.496,2.82,0.518,3.693,0.192,3.244,0.125,1.572
405,13.989,-0.227,289.212,320.993,50.892,-56.677,-18.08,4.859,273.316,402.822,60.967,107.673,0.495,2.82,0.501,3.726,0.175,3.26,0.125,1.575
406,13.608,-0.244,288.768,324.183,49.104,-53.198,-17.641,4.801,272.852,406.138,62.844,103.1,0.479,2.852,0.521,3.763,0.175,3.295,0.126,1.578
407,13.629,-0.249,288.338,327.298,50.858,-56.853,-18.175,4.849,273.293,409.316,61.04,102.685,0.495,2.884,0.501,3.787,0.192,3.323,0.126,1.581
408,13.858,0.284,288.338,327.298,50.858,-59.004,-17.724,4.62,273.293,409.316,61.04,100.939,0.496,2.882,0.503,3.787,0.193,3.323,0.127,1.584
409,13.77,0.146,288.314,333.556,47.337,-58.061,-17.507,5.075,272.816,412.511,66.471,101.348,0.465,2.938,0.555,3.822,0.193,3.368,0.128,1.588
410,13.754,0.192,287.915,336.834,52.65,-56.954,-17.695,4.942,273.708,424.91,62.924,101.715,0.512,2.971,0.52,3.925,0.227,3.436,0.128,1.592
411,14.082,0.651,289.186,339.856,47.429,-55.245,-17.497,4.982,273.708,424.91,62.924,107.08,0.465,2.983,0.521,3.925,0.178,3.441,0.129,1.596
412,14.262,1.134,288.763,349.392,49.221,-57.574,-17.608,5.151,273.244,428.226,64.801,101.31,0.482,3.069,0.539,3.962,0.194,3.503,0.13,1.601
413,13.22,0.715,288.319,352.582,47.432,-54.845,-17.79,5.516,274.113,434.462,64.748,107,0.464,3.104,0.536,4.006,0.21,3.543,0.13,1.606
414,13.853,0.285,287.437,352.465,47.361,-54.139,-18.182,5.824,275.828,440.772,68.134,105.565,0.467,3.114,0.562,4.038,0.278,3.566,0.131,1.612
415,14.118,0.73,288.739,355.65,45.699,-56.173,-18.021,6.135,274.946,447.072,68.321,100.956,0.451,3.126,0.566,4.108,0.227,3.605,0.132,1.619
416,14.026,0.538,287,362.076,45.609,-58.277,-17.843,6.142,274.528,450.056,66.632,105.263,0.452,3.203,0.552,4.142,0.247,3.662,0.133,1.626
417,13.983,0.713,287.444,358.887,47.398,-56.628,-17.618,5.684,274.528,450.056,66.632,104.921,0.467,3.169,0.553,4.144,0.246,3.645,0.134,1.634
418,13.876,0.878,288.316,365.187,47.491,-57.97,-17.938,5.826,274.492,456.43,70.259,105.636,0.466,3.214,0.585,4.203,0.244,3.696,0.135,1.642
419,13.726,0.636,286.99,368.26,45.631,-56.444,-17.938,5.461,274.492,456.43,70.259,101.318,0.452,3.257,0.585,4.204,0.263,3.72,0.137,1.651
420,14.073,0.656,286.99,368.26,45.631,-59.948,-17.574,6.001,274.492,456.43,70.259,102.103,0.453,3.257,0.587,4.202,0.264,3.719,0.138,1.66
421,13.761,0.715,287.442,371.491,47.457,-52.701,-17.853,5.549,274.028,459.745,72.136,109.864,0.467,3.28,0.604,4.241,0.261,3.749,0.14,1.67
422,13.857,0.637,286.57,365.191,47.364,-57.567,-18.071,6.408,274.897,465.982,72.082,103.472,0.468,3.235,0.601,4.283,0.295,3.748,0.142,1.681
423,13.68,1.147,286.139,368.306,49.119,-57.59,-17.679,5.868,273.609,462.73,70.446,101.741,0.484,3.265,0.59,4.274,0.28,3.759,0.143,1.692
424,13.733,0.813,285.243,368.264,45.504,-57.036,-17.76,5.733,274.028,459.745,72.136,102.049,0.453,3.276,0.604,4.241,0.298,3.749,0.145,1.703
425,13.636,0.748,285.687,365.075,47.293,-59.826,-17.979,5.6,274.492,456.43,70.259,108.467,0.468,3.243,0.585,4.203,0.297,3.714,0.147,1.715
426,13.813,0.581,285.719,365.238,50.852,-54.781,-17.891,5.778,274.492,456.43,70.259,104.209,0.5,3.245,0.586,4.203,0.313,3.714,0.15,1.727
427,13.896,0.899,286.57,365.191,47.364,-55.07,-17.668,5.683,274.492,456.43,70.259,100.287,0.468,3.234,0.586,4.203,0.28,3.708,0.152,1.739
428,13.632,0.711,286.57,365.191,47.364,-59.328,-18.284,5.599,275.351,456.623,70.145,103.114,0.467,3.234,0.581,4.192,0.295,3.704,0.154,1.751
429,13.777,1.344,286.583,365.117,50.907,-61.679,-18.292,5.636,275.815,453.308,68.268,106.285,0.499,3.231,0.563,4.154,0.312,3.684,0.157,1.763
430,13.331,1.036,286.593,358.933,50.886,-59.153,-18.108,5.327,275.815,453.308,68.268,98.811,0.497,3.178,0.564,4.155,0.311,3.657,0.159,1.775
431,13.634,0.565,286.142,355.702,49.06,-59.817,-17.914,5.65,276.279,449.993,66.391,103.547,0.483,3.155,0.546,4.117,0.314,3.628,0.162,1.787
432,13.541,0.533,286.142,355.702,49.06,-57.216,-18.251,5.597,275.815,453.308,68.268,104.134,0.483,3.156,0.563,4.154,0.312,3.646,0.165,1.799
433,13.894,1.045,286.142,355.702,49.06,-61.528,-17.917,5.733,275.815,453.308,68.268,104.975,0.484,3.154,0.564,4.154,0.313,3.645,0.167,1.81
434,13.914,0.858,285.721,352.633,50.793,-54.691,-18.022,5.109,275.374,450.13,70.072,104.895,0.5,3.132,0.582,4.134,0.329,3.623,0.17,1.821
435,13.547,0.713,285.291,355.748,52.548,-56.467,-18.069,5.379,275.374,450.13,70.072,103.835,0.515,3.165,0.581,4.133,0.345,3.64,0.173,1.832
436,13.637,0.59,285.291,355.748,52.548,-57.588,-18.191,5.511,275.828,440.772,68.134,103.149,0.515,3.165,0.562,4.039,0.346,3.595,0.176,1.842
437,13.897,0.616,285.721,352.633,50.793,-55.212,-18.238,5.774,274.946,447.072,68.321,107.009,0.5,3.133,0.565,4.109,0.312,3.612,0.179,1.852
438,13.538,0.591,286.586,352.512,50.849,-56.22,-18.015,5.823,274.946,447.072,68.321,105.628,0.498,3.122,0.566,4.109,0.294,3.605,0.182,1.862
439,13.511,0.578,285.721,352.633,50.793,-53.734,-17.801,5.151,274.518,444.013,66.571,100.595,0.499,3.133,0.552,4.09,0.296,3.602,0.185,1.871
440,13.807,1.146,286.586,352.512,50.849,-59.331,-17.83,5.419,275.387,437.594,69.938,99.535,0.499,3.12,0.581,4.017,0.311,3.56,0.188,1.88
441,13.865,0.621,286.586,352.512,50.849,-55.544,-18.143,5.183,275.4,437.714,66.383,102.244,0.499,3.122,0.547,4.018,0.295,3.561,0.191,1.889
442,13.582,0.793,286.134,349.28,49.023,-56.87,-18.105,4.974,274.959,434.536,68.187,102.352,0.482,3.098,0.565,3.996,0.295,3.538,0.194,1.897
443,13.916,0.859,287.016,349.397,49.094,-55.424,-17.831,4.929,275.4,437.714,66.383,103.476,0.483,3.089,0.548,4.019,0.279,3.545,0.196,1.905
444,13.953,0.348,286.596,346.329,50.827,-53.455,-17.962,5.56,275.423,431.22,66.311,104.508,0.499,3.068,0.547,3.957,0.295,3.504,0.199,1.912
445,13.628,0.859,287.016,349.397,49.094,-58.26,-17.799,5.511,275.828,440.772,68.134,104.961,0.482,3.089,0.564,4.039,0.295,3.555,0.201,1.919
446,14.082,0.984,286.586,352.512,50.849,-52.244,-18.323,5.394,275.864,434.398,64.507,98.108,0.5,3.121,0.528,3.98,0.296,3.542,0.204,1.925
447,13.654,1.128,286.586,352.512,50.849,-57.307,-18.191,5.786,274.959,434.536,68.187,100.231,0.498,3.12,0.564,3.993,0.294,3.548,0.206,1.931
448,13.333,1.035,286.588,339.907,50.79,-50.109,-18.007,5.555,274.959,434.536,68.187,99.199,0.496,3.009,0.565,3.994,0.293,3.491,0.209,1.936
449,13.951,1.194,287.016,349.397,49.094,-57.847,-18.112,5.651,274.959,434.536,68.187,103.414,0.483,3.088,0.565,3.994,0.278,3.531,0.211,1.942
450,13.763,0.798,286.134,349.28,49.023,-58.246,-17.974,5.474,274.531,431.477,66.437,99.502,0.483,3.098,0.55,3.972,0.279,3.526,0.213,1.946
451,13.547,0.707,286.134,349.28,49.023,-58.435,-17.875,5.295,274.959,434.536,68.187,99.596,0.482,3.098,0.566,3.995,0.295,3.538,0.215,1.951
452,13.973,0.866,286.165,349.444,52.582,-54.926,-17.787,5.476,274.531,431.477,66.437,99.592,0.515,3.099,0.551,3.972,0.295,3.526,0.217,1.955
453,13.762,0.768,285.714,346.212,50.756,-50.924,-17.615,5.828,274.531,431.477,66.437,103.099,0.499,3.075,0.551,3.971,0.297,3.514,0.219,1.959
454,13.578,1.142,286.134,349.28,49.023,-57.626,-17.389,5.917,274.531,431.477,66.437,104.232,0.482,3.097,0.552,3.971,0.28,3.525,0.22,1.962
455,13.53,1.073,285.714,346.212,50.756,-58.503,-17.88,5.871,274.972,434.655,64.633,101.326,0.498,3.074,0.533,3.994,0.296,3.525,0.222,1.965
456,13.759,1.198,286.565,346.165,47.268,-57.24,-18.143,5.65,274.959,434.536,68.187,101.668,0.467,3.064,0.565,3.994,0.278,3.519,0.224,1.968
457,13.837,1.501,286.134,349.28,49.023,-56.851,-17.704,5.832,274.531,431.477,66.437,98.863,0.483,3.095,0.551,3.971,0.28,3.524,0.225,1.971
458,13.646,1.21,286.565,346.165,47.268,-51.879,-18.192,5.784,274.531,431.477,66.437,100.22,0.466,3.064,0.549,3.971,0.262,3.508,0.227,1.974
459,13.648,0.916,286.565,346.165,47.268,-54.331,-18.24,6.196,274.531,431.477,66.437,105.278,0.466,3.065,0.549,3.97,0.262,3.508,0.228,1.976
460,13.822,1.03,285.714,346.212,50.756,-54.759,-17.697,5.74,274.959,434.536,68.187,101.762,0.499,3.074,0.566,3.993,0.313,3.525,0.229,1.978
461,13.823,1.261,286.565,346.165,47.268,-57.093,-18.142,5.831,275.4,437.714,66.383,101,0.467,3.064,0.547,4.016,0.279,3.531,0.231,1.98
462,13.869,0.888,287.03,349.322,52.637,-58.98,-18.056,5.733,274.959,434.536,68.187,102.305,0.514,3.088,0.565,3.993,0.293,3.531,0.232,1.981
463,13.854,1.21,287.016,349.397,49.094,-57.774,-18.065,5.79,274.936,441.029,68.26,100.656,0.483,3.088,0.566,4.054,0.277,3.56,0.233,1.983
464,13.731,1.013,286.586,352.512,50.849,-54.781,-18.055,6.231,274.518,444.013,66.571,102.749,0.498,3.121,0.551,4.086,0.278,3.593,0.234,1.984
465,13.901,1.788,287.006,355.58,49.116,-56.452,-18.255,5.919,275.41,443.756,66.445,100.225,0.483,3.141,0.547,4.071,0.279,3.596,0.235,1.986
466,13.763,1.379,287.014,362.002,49.153,-59.196,-17.582,6.544,274.518,444.013,66.571,100.678,0.483,3.199,0.553,4.085,0.263,3.632,0.236,1.988
467,13.731,1.294,286.562,358.77,47.327,-59.408,-17.615,6.095,274.946,447.072,68.321,103.895,0.467,3.176,0.568,4.108,0.28,3.632,0.236,1.989
468,13.828,1.379,286.583,365.117,50.907,-58.737,-17.846,6.411,274.946,447.072,68.321,100.997,0.499,3.231,0.567,4.107,0.296,3.66,0.237,1.991
469,13.598,0.856,285.687,365.075,47.293,-52.072,-18.248,6.093,274.482,450.387,70.198,101.651,0.468,3.243,0.584,4.146,0.296,3.685,0.238,1.993
470,13.956,1.16,287.004,368.185,49.174,-58.831,-17.718,6.546,274.528,450.056,66.632,101.021,0.484,3.254,0.553,4.14,0.263,3.688,0.239,1.995
471,14.097,1.429,287.011,374.606,49.211,-62.804,-18.253,6.319,274.933,459.608,68.455,106.322,0.484,3.31,0.567,4.223,0.279,3.757,0.239,1.998
472,13.953,2.091,286.559,371.375,47.386,-59.138,-18.214,6.409,274.492,456.43,70.259,106.635,0.469,3.285,0.584,4.2,0.279,3.733,0.24,2
473,13.991,1.868,286.567,377.796,47.423,-54.291,-17.883,6.76,274.469,462.923,70.332,105.62,0.469,3.342,0.586,4.26,0.28,3.791,0.24,2.003
474,13.722,1.65,286.136,380.911,49.177,-59.475,-17.987,6.354,274.469,462.923,70.332,100.965,0.484,3.376,0.586,4.261,0.296,3.809,0.241,2.007
475,13.739,2.037,286.136,380.911,49.177,-59.913,-17.668,6.49,274.469,462.923,70.332,101.715,0.484,3.374,0.587,4.261,0.297,3.808,0.241,2.011
476,13.991,1.352,286.136,380.911,49.177,-59.757,-18.136,6.491,273.587,469.223,70.519,102.347,0.485,3.377,0.589,4.333,0.28,3.844,0.242,2.015
477,14.136,1.663,286.113,387.169,45.656,-57.502,-18.392,6.854,274.051,465.908,68.643,102.365,0.455,3.431,0.57,4.293,0.265,3.853,0.242,2.019
478,13.731,1.945,286.557,383.979,47.444,-59.897,-17.849,6.625,273.587,469.223,70.519,104.93,0.468,3.397,0.59,4.332,0.263,3.854,0.243,2.024
479,13.984,2.29,286.564,390.401,47.481,-61.389,-18.001,6.903,274.015,472.281,72.27,106.716,0.469,3.452,0.605,4.353,0.28,3.893,0.243,2.029
480,13.959,1.912,285.69,396.705,47.447,-59.885,-17.814,7.209,274.015,472.281,72.27,102.792,0.471,3.52,0.606,4.352,0.298,3.927,0.243,2.035
481,13.989,2.344,285.69,396.705,47.447,-57.433,-17.909,6.713,275.325,481.696,70.413,103.888,0.471,3.519,0.585,4.42,0.316,3.961,0.244,2.041
482,14.235,1.805,286.11,399.774,45.714,-57.226,-18.171,7.564,274.847,484.891,75.843,105.596,0.455,3.543,0.635,4.454,0.314,3.989,0.244,2.048
483,13.786,2.295,285.69,396.705,47.447,-61.534,-18.264,7.202,274.87,491.054,72.35,108.438,0.47,3.519,0.603,4.512,0.314,4.006,0.244,2.055
484,14.009,2.249,285.259,399.82,49.202,-59.488,-18.415,7.247,274.87,491.054,72.35,105.543,0.487,3.552,0.602,4.512,0.332,4.023,0.245,2.062
485,13.544,1.881,285.68,402.889,47.469,-60.387,-18.047,7.113,274.87,491.054,72.35,103.855,0.469,3.576,0.604,4.512,0.315,4.035,0.245,2.07
486,14.142,2.494,286.131,406.12,49.295,-60.918,-18.532,7.153,273.965,491.191,76.031,107.31,0.487,3.596,0.638,4.528,0.312,4.052,0.246,2.078
487,13.834,1.907,286.131,406.12,49.295,-56.083,-18.491,7.382,276.158,494.306,73.986,108.119,0.486,3.599,0.614,4.52,0.346,4.051,0.247,2.087
488,13.379,3.171,285.708,415.657,51.086,-63.305,-18.315,7.37,275.275,500.605,74.174,105.938,0.501,3.684,0.619,4.593,0.346,4.13,0.247,2.096
489,13.31,2.336,285.708,415.657,51.086,-59.444,-18.181,6.66,275.275,500.605,74.174,107.764,0.501,3.687,0.619,4.595,0.346,4.133,0.248,2.106
490,13.573,2.74,285.708,415.657,51.086,-63.186,-18.052,7.283,274.798,503.801,79.605,105.22,0.501,3.686,0.671,4.63,0.362,4.149,0.249,2.116
491,13.871,2.691,285.288,412.588,52.819,-65.487,-18.224,7.066,275.275,500.605,74.174,109.193,0.519,3.664,0.619,4.594,0.364,4.121,0.25,2.126
492,13.653,2.593,285.74,415.82,54.645,-63.565,-18.41,7.164,275.275,500.605,74.174,112.029,0.533,3.687,0.618,4.593,0.362,4.132,0.251,2.137
493,13.349,2.647,285.309,418.935,56.399,-64.303,-18.583,7.104,274.416,500.412,74.288,105.184,0.549,3.72,0.621,4.606,0.361,4.155,0.253,2.148
494,13.311,2.831,286.16,418.888,52.912,-61.912,-18.059,7.507,273.952,503.727,76.165,105.551,0.516,3.708,0.641,4.643,0.328,4.166,0.254,2.159
495,13.226,3.45,285.285,425.193,52.878,-58.903,-17.823,7.334,273.952,503.727,76.165,104.631,0.517,3.774,0.642,4.644,0.346,4.2,0.255,2.17
496,13.489,3.134,285.285,425.193,52.878,-58.019,-18.157,7.679,274.393,506.905,74.361,101.262,0.518,3.775,0.623,4.665,0.347,4.211,0.257,2.182
497,13.271,2.795,285.73,422.003,54.667,-60.149,-18.138,7.908,273.952,503.727,76.165,110.937,0.532,3.742,0.641,4.642,0.345,4.182,0.258,2.194
498,13.312,3.056,285.73,422.003,54.667,-60.023,-17.969,7.918,273.524,500.669,74.414,105.975,0.532,3.741,0.626,4.621,0.329,4.171,0.259,2.206
499,13.939,3.106,285.309,418.935,56.399,-56.886,-18.409,7.649,273.06,503.984,76.291,105.914,0.551,3.719,0.643,4.66,0.345,4.179,0.261,2.218
500,13.567,2.68,285.753,415.745,58.188,-60.943,-18.055,7.693,273.083,497.491,76.218,107.726,0.565,3.686,0.643,4.599,0.344,4.132,0.262,2.23
501,13.62,3.246,286.604,415.699,54.701,-56.852,-18.314,7.602,272.655,494.433,74.468,106.968,0.532,3.673,0.627,4.578,0.293,4.114,0.264,2.242
502,13.356,3.064,286.628,409.441,58.222,-57.579,-18.316,7.703,272.655,494.433,74.468,105.605,0.562,3.618,0.627,4.578,0.308,4.086,0.265,2.254
503,13.619,3.018,286.628,409.441,58.222,-57.336,-18.047,7.507,272.655,494.433,74.468,109.879,0.563,3.618,0.628,4.579,0.309,4.086,0.266,2.265
504,13.565,2.627,287.923,406.204,56.523,-58.004,-18.266,7.244,272.25,484.881,72.645,105.937,0.546,3.574,0.611,4.497,0.258,4.023,0.267,2.276
505,13.552,2.305,287.933,400.021,56.502,-60.543,-18.009,7.384,272.25,484.881,72.645,107.721,0.545,3.521,0.612,4.497,0.258,3.995,0.268,2.287
506,13.621,2.545,287.495,396.715,58.219,-60.471,-17.649,7.2,272.286,478.508,69.017,107.69,0.562,3.496,0.58,4.438,0.26,3.954,0.268,2.297
507,13.449,3.122,288.377,396.831,58.29,-55.083,-17.81,7.426,272.263,472.345,72.511,107.398,0.56,3.484,0.612,4.38,0.257,3.919,0.269,2.307
508,13.883,2.408,287.926,393.6,56.465,-55.903,-17.951,7.429,272.263,472.345,72.511,106.955,0.546,3.464,0.611,4.38,0.258,3.909,0.269,2.316
509,13.882,3.314,288.8,387.295,56.499,-58.604,-17.508,7.611,271.836,469.287,70.76,103.505,0.545,3.395,0.597,4.357,0.224,3.861,0.269,2.324
510,13.328,2.848,288.8,387.295,56.499,-58.059,-17.902,7.34,271.394,466.109,72.564,108.78,0.543,3.396,0.614,4.336,0.222,3.851,0.269,2.331
511,13.477,2.368,288.372,377.805,58.195,-53.847,-17.979,7.041,271.849,456.751,70.626,107.048,0.559,3.32,0.594,4.242,0.239,3.767,0.269,2.338
512,13.448,2.426,289.255,377.922,58.266,-55.799,-17.802,6.984,271.849,456.751,70.626,104.481,0.558,3.31,0.595,4.242,0.221,3.762,0.268,2.344
513,13.688,2.552,289.247,371.501,58.229,-59.781,-17.312,7.203,272.313,453.435,68.749,101.699,0.558,3.254,0.578,4.203,0.223,3.714,0.268,2.348
514,13.357,2.556,289.678,368.386,56.474,-57.387,-17.317,7.386,272.313,453.435,68.749,100.975,0.541,3.221,0.578,4.203,0.206,3.697,0.267,2.352
515,13.83,2.543,290.122,365.196,58.263,-57.333,-17.893,7.082,272.313,453.435,68.749,103.113,0.558,3.189,0.576,4.204,0.205,3.68,0.266,2.355
516,13.65,2.5,289.25,358.896,58.17,-54.167,-17.684,7.348,271.885,450.377,66.999,104.181,0.558,3.143,0.562,4.181,0.206,3.646,0.265,2.357
517,13.647,1.973,289.25,358.896,58.17,-51.38,-18.027,7.087,271.908,443.884,66.926,109.129,0.558,3.145,0.56,4.121,0.205,3.618,0.263,2.359
518,13.686,1.964,289.694,355.706,59.959,-58.944,-17.892,6.85,271.016,444.141,67.053,100.55,0.573,3.112,0.563,4.138,0.187,3.608,0.262,2.359
519,13.553,2.376,289.673,349.36,56.379,-51.055,-17.671,7.035,271.48,440.825,65.176,102.385,0.541,3.055,0.545,4.099,0.173,3.56,0.26,2.359
520,13.824,1.972,290.569,349.402,59.993,-56.416,-17.765,7.086,271.48,440.825,65.176,102.747,0.572,3.048,0.545,4.099,0.171,3.555,0.258,2.357
521,13.681,2.02,289.673,349.36,56.379,-57.067,-17.954,6.858,270.575,440.963,68.856,99.471,0.541,3.056,0.581,4.114,0.171,3.567,0.256,2.355
522,14.25,1.882,290.103,346.245,54.624,-53.743,-17.943,7.398,271.039,437.647,66.98,101.629,0.527,3.025,0.562,4.074,0.156,3.532,0.254,2.352
523,13.909,2.157,290.096,339.823,54.587,-57.134,-17.583,7.081,270.611,434.589,65.229,105.568,0.526,2.968,0.548,4.053,0.139,3.492,0.252,2.349
524,13.82,1.899,289.652,343.013,52.798,-55.74,-17.627,7.346,270.147,437.904,67.106,100.916,0.511,3.001,0.566,4.09,0.139,3.527,0.249,2.344
525,13.947,2.009,289.652,343.013,52.798,-58.586,-17.583,6.986,270.147,437.904,67.106,103.383,0.511,3.001,0.567,4.092,0.14,3.527,0.247,2.339
526,13.82,1.755,290.096,339.823,54.587,-52.593,-17.659,7.13,270.611,434.589,65.229,100.953,0.525,2.969,0.548,4.053,0.139,3.492,0.244,2.334
527,14.008,1.94,290.526,336.708,52.832,-54.687,-17.266,7,269.706,434.726,68.91,105.288,0.51,2.937,0.586,4.068,0.122,3.482,0.241,2.328
528,13.509,1.993,290.54,336.634,56.376,-56.725,-17.496,7.044,269.742,428.353,65.283,102.406,0.539,2.936,0.551,4.008,0.12,3.452,0.238,2.321
529,13.63,1.982,290.074,333.477,51.007,-55.749,-17.582,7.044,269.278,431.668,67.159,100.191,0.493,2.913,0.569,4.046,0.105,3.458,0.235,2.314
530,13.101,1.448,290.97,333.519,54.621,-57.022,-17.316,6.995,269.278,431.668,67.159,99.184,0.522,2.906,0.57,4.046,0.102,3.454,0.231,2.307
531,13.815,1.322,290.949,327.172,51.041,-54.674,-17.358,7.53,269.742,428.353,65.283,101.619,0.493,2.852,0.551,4.006,0.089,3.407,0.228,2.299
532,14.172,1.994,291.401,330.404,52.866,-49.359,-17.493,7.131,269.742,428.353,65.283,102.372,0.509,2.873,0.551,4.007,0.088,3.418,0.224,2.29
533,13.409,1.291,291.401,330.404,52.866,-54.018,-17.496,6.902,269.742,428.353,65.283,100.543,0.507,2.876,0.551,4.008,0.087,3.42,0.22,2.282
534,14.163,1.237,291.821,333.472,51.134,-56.15,-17.358,7.086,269.314,425.295,63.532,98.831,0.493,2.898,0.535,3.985,0.055,3.42,0.216,2.273
535,13.955,1.366,292.266,330.282,52.922,-58.943,-17.31,7.132,269.314,425.295,63.532,100.261,0.508,2.866,0.536,3.985,0.054,3.402,0.212,2.263
536,14.072,1.728,292.266,330.282,52.922,-51.474,-17.543,7.035,269.314,425.295,63.532,99.789,0.508,2.865,0.535,3.985,0.054,3.402,0.208,2.254
537,13.688,1.994,292.252,330.357,49.379,-53.127,-17.67,7.175,269.314,425.295,63.532,104.784,0.476,2.864,0.534,3.985,0.037,3.402,0.204,2.244
538,13.892,1.765,292.252,330.357,49.379,-56.116,-17.674,6.596,269.314,425.295,63.532,100.215,0.477,2.865,0.534,3.987,0.037,3.403,0.199,2.234
539,14.359,1.865,292.252,330.357,49.379,-55.331,-17.531,6.992,269.742,428.353,65.283,98.101,0.478,2.865,0.55,4.008,0.055,3.413,0.194,2.224
540,13.907,1.854,291.821,333.472,51.134,-58.264,-17.578,7.314,269.742,428.353,65.283,100.296,0.493,2.896,0.55,4.007,0.071,3.43,0.19,2.214
541,14.02,1.709,291.377,336.662,49.345,-56.163,-17.454,7.043,269.719,434.846,65.356,99.866,0.478,2.929,0.551,4.069,0.072,3.477,0.185,2.204
542,13.871,1.868,292.242,336.54,49.401,-53.71,-17.442,7.304,269.301,437.831,63.666,99.881,0.477,2.919,0.536,4.103,0.038,3.486,0.18,2.194
543,14.115,1.679,292.249,342.962,49.438,-57.192,-17.445,7.043,268.86,434.653,65.47,104.851,0.478,2.975,0.554,4.08,0.038,3.505,0.176,2.185
544,14.036,1.551,293.114,342.84,49.493,-55.471,-17.542,7.485,269.729,440.889,65.417,101.276,0.477,2.966,0.552,4.124,0.038,3.521,0.171,2.175
545,14.111,1.932,291.375,349.266,49.404,-55.738,-17.357,7.347,269.729,440.889,65.417,98.14,0.479,3.038,0.552,4.125,0.073,3.56,0.166,2.166
546,13.942,1.578,291.826,352.498,51.229,-55.147,-17.236,7.212,268.847,447.189,65.604,96.685,0.493,3.063,0.556,4.198,0.055,3.607,0.161,2.158
547,13.678,1.626,291.375,349.266,49.404,-54.028,-17.414,7.521,269.288,450.367,63.8,99.124,0.477,3.039,0.538,4.22,0.056,3.606,0.157,2.15
548,13.941,2.157,291.396,355.613,52.984,-57.452,-17.637,7.661,269.252,456.74,67.427,102.02,0.51,3.092,0.571,4.281,0.088,3.663,0.152,2.142
549,14.188,1.843,290.952,358.803,51.195,-56.189,-17.637,7.662,269.252,456.74,67.427,100.61,0.496,3.126,0.571,4.281,0.089,3.681,0.148,2.135
550,13.521,2.476,290.507,361.992,49.406,-56.419,-17.601,7.708,268.788,460.056,69.304,100.584,0.478,3.157,0.59,4.319,0.088,3.715,0.143,2.129
551,13.914,2.453,290.046,364.944,47.602,-60.248,-17.96,7.796,268.797,466.099,69.365,101.287,0.465,3.187,0.589,4.376,0.09,3.759,0.139,2.123
552,13.594,2.325,290.053,371.365,47.639,-56.785,-17.741,7.564,269.238,469.277,67.561,102.653,0.464,3.244,0.572,4.399,0.091,3.8,0.135,2.118
553,13.997,2.371,290.053,371.365,47.639,-57.444,-17.697,7.563,269.225,469.157,71.116,101.61,0.465,3.244,0.606,4.398,0.107,3.8,0.131,2.114
554,14.085,1.884,290.084,371.529,51.198,-58.603,-17.873,8.009,270.108,475.513,67.508,105.252,0.497,3.247,0.569,4.442,0.124,3.823,0.128,2.111
555,13.738,2.087,290.074,377.712,51.22,-52.539,-17.737,7.928,269.666,472.335,69.312,104.84,0.496,3.3,0.588,4.42,0.123,3.84,0.124,2.108
556,13.896,2.189,290.495,380.78,49.487,-56.11,-18.193,7.918,270.535,478.571,69.258,104.051,0.48,3.322,0.584,4.464,0.124,3.873,0.121,2.107
557,14.051,2.298,290.946,384.012,51.312,-54.983,-17.956,7.653,271.381,478.645,72.698,108.064,0.496,3.345,0.615,4.452,0.156,3.879,0.118,2.106
558,13.606,2.426,290.946,384.012,51.312,-57.308,-17.698,7.831,270.513,485.065,69.331,106.7,0.495,3.344,0.586,4.526,0.123,3.914,0.115,2.105
559,13.945,2.543,290.072,390.317,51.278,-55.648,-18.093,7.83,270.94,488.123,71.082,105.57,0.497,3.409,0.6,4.547,0.157,3.959,0.113,2.106
560,13.554,2.895,290.523,393.548,53.104,-54.653,-18.14,7.921,271.809,494.359,71.028,105.237,0.511,3.431,0.598,4.591,0.172,3.992,0.11,2.107
561,14.059,2.633,289.649,399.853,53.07,-54.216,-17.655,7.785,271.809,494.359,71.028,104.53,0.514,3.497,0.599,4.591,0.192,4.027,0.108,2.109
562,14.038,3.06,290.069,402.921,51.337,-60.585,-17.695,8.146,270.927,500.659,71.216,107.785,0.498,3.518,0.603,4.664,0.159,4.071,0.107,2.112
563,13.875,2.855,289.649,399.853,53.07,-57.421,-17.976,7.875,270.891,507.033,74.843,111.306,0.513,3.497,0.636,4.725,0.19,4.09,0.105,2.116
564,13.698,2.84,289.646,412.458,53.129,-58.762,-18.025,8.177,271.332,510.211,73.039,112.696,0.513,3.607,0.618,4.746,0.191,4.158,0.104,2.12
565,13.73,3.14,289.202,415.647,51.34,-58.091,-17.896,8.359,270.914,513.195,71.35,110.197,0.498,3.64,0.604,4.781,0.176,4.192,0.103,2.126
566,13.795,2.868,289.202,415.647,51.34,-58.763,-17.936,8.353,270.45,516.51,73.226,108.405,0.498,3.641,0.622,4.82,0.175,4.211,0.102,2.132
567,13.646,3.579,288.779,425.184,53.131,-55.904,-18.114,8.538,270.878,519.569,74.977,105.606,0.514,3.727,0.637,4.841,0.208,4.266,0.101,2.139
568,13.647,3.625,290.967,434.594,55.106,-61.202,-17.858,8.535,270.901,525.731,71.484,105.629,0.528,3.781,0.605,4.898,0.157,4.32,0.101,2.148
569,13.964,3.914,290.523,437.784,53.317,-60.683,-17.683,8.58,269.996,525.869,75.164,106.706,0.514,3.814,0.642,4.916,0.157,4.345,0.101,2.157
570,13.692,3.503,289.648,444.088,53.283,-59.042,-17.859,8.448,269.996,525.869,75.164,107.057,0.514,3.882,0.642,4.916,0.174,4.381,0.101,2.167
571,13.746,3.686,290.1,447.32,55.108,-62.29,-17.895,8.305,271.306,535.283,73.307,106.379,0.53,3.904,0.621,4.981,0.191,4.424,0.1,2.178
572,13.79,3.812,290.1,447.32,55.108,-60.138,-18.254,9.647,270.888,538.267,71.618,108.382,0.53,3.903,0.605,5.012,0.175,4.439,0.1,2.19
573,13.75,4.211,289.646,456.693,53.342,-57.125,-18.309,8.75,270.424,541.583,73.494,108.071,0.515,3.99,0.623,5.055,0.175,4.504,0.101,2.202
574,13.89,3.858,289.226,453.625,55.074,-59.632,-18.004,8.923,269.542,547.883,73.682,106.269,0.532,3.97,0.628,5.13,0.176,4.53,0.101,2.216
575,13.801,4.074,288.795,456.74,56.829,-65.599,-18.046,8.705,269.542,547.883,73.682,103.399,0.547,4.003,0.628,5.131,0.192,4.548,0.101,2.23
576,13.834,4.072,289.667,463.04,56.922,-62.471,-18.088,8.89,269.101,544.705,75.485,109.489,0.547,4.046,0.646,5.109,0.174,4.558,0.102,2.246
577,13.722,4.424,288.803,463.161,56.866,-60.08,-17.724,8.938,270.006,544.567,71.805,105.65,0.547,4.058,0.61,5.09,0.193,4.557,0.102,2.262
578,13.661,4.076,289.667,463.04,56.922,-57.572,-17.95,9.114,269.578,541.509,70.055,113.043,0.546,4.046,0.594,5.069,0.159,4.539,0.103,2.278
579,13.622,4.25,289.667,463.04,56.922,-59.323,-18.231,8.792,270.006,544.567,71.805,108.416,0.546,4.046,0.609,5.091,0.175,4.55,0.103,2.295
580,13.736,4.252,289.667,463.04,56.922,-62.414,-17.774,8.796,270.424,541.583,73.494,111.974,0.546,4.046,0.625,5.055,0.192,4.533,0.104,2.312
581,13.527,4.656,289.698,463.203,60.48,-63.218,-18.253,8.706,270.888,538.267,71.618,109.439,0.577,4.045,0.605,5.015,0.207,4.514,0.105,2.33
582,13.625,3.986,290.143,460.013,62.269,-57.954,-17.636,8.932,270.424,541.583,73.494,109.182,0.592,4.013,0.626,5.054,0.206,4.516,0.106,2.347
583,13.478,4.426,290.143,460.013,62.269,-61.844,-18.217,8.749,271.316,541.326,73.368,112.299,0.591,4.012,0.62,5.036,0.222,4.507,0.107,2.365
584,13.442,3.906,288.826,456.903,60.388,-57.303,-18.208,8.481,270.888,538.267,71.618,110.842,0.577,4.005,0.605,5.016,0.224,4.494,0.108,2.383
585,13.851,3.886,289.691,456.782,60.443,-65.37,-17.85,8.797,271.306,535.283,73.307,104.18,0.578,3.992,0.621,4.979,0.224,4.469,0.109,2.401
586,13.178,4.155,289.701,450.598,60.422,-64.186,-17.899,8.574,271.306,535.283,73.307,109.872,0.575,3.936,0.621,4.98,0.222,4.441,0.11,2.418
587,13.53,4.122,289.694,444.177,60.385,-61.763,-17.902,8.622,270.901,525.731,71.484,108.793,0.576,3.88,0.605,4.898,0.207,4.372,0.112,2.435
588,12.917,4.243,288.843,444.224,63.872,-58.493,-18.382,8.676,270.473,522.673,69.733,108.067,0.606,3.892,0.588,4.877,0.222,4.368,0.113,2.452
589,13.38,3.628,288.377,441.067,58.503,-60.442,-18.392,8.808,270.032,519.495,71.537,106.98,0.562,3.872,0.605,4.854,0.207,4.347,0.114,2.468
590,13.164,4.163,288.401,434.809,62.025,-59.937,-17.714,8.627,270.032,519.495,71.537,108.807,0.592,3.815,0.608,4.855,0.224,4.318,0.116,2.484
591,13.733,3.266,288.845,431.619,63.814,-56.851,-17.941,8.713,269.604,516.437,69.787,108.406,0.609,3.784,0.592,4.833,0.207,4.291,0.117,2.498
592,13.294,3.55,288.824,425.272,60.233,-61.1,-17.882,7.818,270.473,510.017,73.153,106.659,0.576,3.728,0.622,4.761,0.223,4.227,0.119,2.513
593,13.439,3.225,289.268,422.083,62.022,-54.145,-17.618,7.908,270.045,506.959,71.403,108.071,0.591,3.695,0.607,4.739,0.206,4.199,0.121,2.526
594,13.457,3.234,289.712,418.893,63.811,-61.089,-17.985,8.14,270.463,503.974,73.092,104.112,0.606,3.661,0.621,4.703,0.22,4.164,0.122,2.539
595,13.404,3.864,290.143,415.778,62.056,-61.494,-18.069,8.008,270.927,500.659,71.216,103.764,0.589,3.627,0.602,4.665,0.204,4.128,0.124,2.55
596,13.434,3.512,290.566,406.242,60.265,-58.317,-17.923,8.019,270.927,500.659,71.216,104.221,0.573,3.539,0.602,4.664,0.187,4.082,0.125,2.561
597,13.332,3.902,290.566,406.242,60.265,-60.027,-17.842,8.048,271.345,497.674,72.905,105.222,0.573,3.538,0.617,4.629,0.203,4.065,0.127,2.57
598,13.434,3.354,291.441,399.937,60.299,-57.033,-18.37,8.413,271.382,491.301,69.278,106.603,0.571,3.474,0.581,4.568,0.169,4.001,0.128,2.579
599,13.601,3.951,291.01,403.052,62.053,-61.129,-18.055,7.692,271.382,491.301,69.278,104.126,0.588,3.504,0.583,4.57,0.187,4.019,0.13,2.586
600,14.021,3.929,290.59,399.984,63.786,-54.744,-17.996,8.461,271.846,487.985,67.401,105.585,0.606,3.483,0.564,4.529,0.205,3.988,0.131,2.593
601,13.308,4.012,291.02,396.869,62.032,-54.777,-17.599,8.512,271.404,484.807,69.205,109.238,0.587,3.45,0.583,4.506,0.187,3.96,0.132,2.598
602,13.161,4.231,290.148,390.569,61.939,-57.507,-17.741,8.465,270.549,478.691,65.704,104.917,0.587,3.405,0.552,4.463,0.171,3.915,0.133,2.603
603,13.511,4.006,290.14,384.147,61.902,-52.36,-17.651,8.455,270.976,481.749,67.454,102.062,0.588,3.349,0.568,4.485,0.188,3.898,0.135,2.606
604,13.479,3.476,290.14,384.147,61.902,-55.447,-17.735,8.366,269.644,478.828,69.385,106.291,0.588,3.351,0.588,4.48,0.17,3.895,0.136,2.609
605,13.327,3.387,289.689,380.916,60.076,-55.1,-17.65,8.42,270.108,475.513,67.508,103.105,0.573,3.328,0.57,4.441,0.172,3.865,0.137,2.61
606,13.556,3.523,289.247,371.501,58.229,-52.521,-17.692,8.321,269.68,472.455,65.758,102.683,0.558,3.25,0.554,4.419,0.156,3.814,0.137,2.611
607,13.5,2.955,290.574,368.428,60.089,-49.79,-17.966,8.283,269.702,465.961,65.685,102.307,0.572,3.21,0.553,4.358,0.137,3.763,0.138,2.61
608,13.471,3.616,290.146,358.938,61.785,-55.173,-17.41,8.287,269.716,453.425,65.551,103.086,0.587,3.13,0.553,4.24,0.154,3.664,0.139,2.609
609,13.431,2.823,290.576,355.823,60.03,-51.314,-17.855,8.023,270.157,456.603,63.747,100.964,0.571,3.101,0.534,4.264,0.137,3.661,0.139,2.606
610,13.473,3.438,291.02,352.633,61.819,-52.475,-17.375,7.94,270.17,444.067,63.613,103.494,0.586,3.066,0.534,4.146,0.136,3.586,0.139,2.602
611,13.769,3.182,291.443,343.097,60.027,-54.187,-17.862,7.851,270.17,444.067,63.613,103.082,0.57,2.979,0.533,4.146,0.119,3.541,0.14,2.597
612,13.766,3.05,291.898,333.724,61.794,-51.838,-17.729,7.617,270.206,437.693,59.986,101.585,0.585,2.894,0.499,4.087,0.102,3.467,0.14,2.591
613,13.463,3.244,291.898,333.724,61.794,-49.157,-18.033,7.712,271.052,437.767,63.425,101.964,0.584,2.893,0.528,4.074,0.134,3.462,0.139,2.584
614,13.597,2.703,291.89,327.303,61.757,-48.412,-17.436,7.453,270.219,425.157,59.852,98.136,0.584,2.839,0.499,3.969,0.102,3.382,0.139,2.575
615,13.098,2.527,291.9,321.119,61.735,-51.974,-17.395,7.498,270.637,422.173,61.541,99.55,0.582,2.786,0.514,3.935,0.117,3.338,0.139,2.566
616,13.546,2.032,291.893,314.698,61.698,-49.741,-17.538,7.628,271.101,418.857,59.664,96.693,0.583,2.732,0.495,3.896,0.119,3.292,0.138,2.555
617,13.282,2.036,292.744,314.651,58.211,-53.983,-17.747,7.365,271.101,418.857,59.664,103.442,0.55,2.723,0.494,3.897,0.085,3.288,0.137,2.543
618,13.251,1.731,292.744,314.651,58.211,-49.779,-17.496,7.05,269.768,415.936,61.594,95.228,0.55,2.724,0.516,3.89,0.067,3.283,0.136,2.53
619,13.502,2.501,292.299,317.841,56.422,-49.324,-17.4,7.006,269.35,418.921,59.905,95.628,0.536,2.753,0.501,3.925,0.052,3.315,0.135,2.515
620,13.652,2.175,291.879,314.773,58.155,-48.664,-17.581,7.488,269.35,418.921,59.905,98.03,0.553,2.732,0.5,3.923,0.069,3.303,0.134,2.501
621,13.418,2.169,291.417,317.724,56.351,-53.913,-17.714,7.361,269.35,418.921,59.905,99.464,0.537,2.762,0.5,3.923,0.069,3.32,0.133,2.485
622,13.582,1.813,291.449,317.888,59.91,-56.836,-17.368,7.314,268.468,425.221,60.093,98.458,0.569,2.764,0.504,3.996,0.069,3.355,0.131,2.469
623,13.382,1.951,292.299,317.841,56.422,-51.106,-17.228,7.273,268.932,421.905,58.216,97.026,0.536,2.755,0.486,3.958,0.036,3.332,0.129,2.453
624,13.811,2.546,291.869,320.956,58.177,-47.916,-17.498,7.308,268.468,425.221,60.093,95.871,0.553,2.784,0.504,3.996,0.052,3.365,0.127,2.436
625,14.298,2.379,291.869,320.956,58.177,-50.932,-17.717,7.803,268.896,428.279,61.843,97.298,0.555,2.785,0.519,4.017,0.069,3.376,0.125,2.419
626,13.629,2.289,292.297,330.446,56.481,-51.147,-17.633,7.356,269.337,431.457,60.039,99.469,0.537,2.864,0.501,4.042,0.053,3.429,0.123,2.402
627,13.543,2.16,292.297,330.446,56.481,-53.008,-17.368,7.578,268.873,434.772,61.916,95.592,0.537,2.864,0.521,4.079,0.052,3.446,0.121,2.386
628,13.771,2.633,291.866,333.561,58.235,-51.451,-17.28,7.568,269.314,437.95,60.112,99.064,0.554,2.894,0.503,4.103,0.07,3.474,0.119,2.369
629,14.046,2.082,292.294,343.05,56.539,-53.927,-17.377,7.67,269.311,443.873,63.727,97.03,0.539,2.974,0.537,4.158,0.07,3.542,0.117,2.353
630,13.601,2.614,292.302,349.472,56.576,-56.045,-17.641,8.297,270.611,447.245,61.809,99.878,0.538,3.028,0.516,4.168,0.087,3.576,0.114,2.337
631,13.637,2.699,293.166,349.35,56.632,-52.87,-17.816,8.107,270.621,453.288,61.87,98.417,0.537,3.018,0.516,4.225,0.07,3.597,0.112,2.322
632,14.004,2.565,292.712,358.723,54.865,-57.363,-17.735,8.159,270.598,459.781,61.943,101.013,0.524,3.104,0.517,4.286,0.072,3.672,0.11,2.308
633,13.718,2.866,292.743,358.887,58.424,-54.257,-17.603,8.014,270.144,469.139,63.881,100.23,0.554,3.104,0.536,4.382,0.086,3.717,0.107,2.294
634,13.82,3.052,292.72,365.145,54.902,-59.775,-17.608,8.559,270.144,469.139,63.881,105.224,0.523,3.158,0.536,4.38,0.071,3.744,0.105,2.282
635,14.205,2.853,292.265,374.518,53.135,-55.337,-17.519,8.861,270.571,472.198,65.631,102.023,0.51,3.245,0.552,4.4,0.09,3.8,0.103,2.27
636,13.903,3.111,291.842,384.054,54.927,-57.001,-17.657,8.458,270.131,481.675,64.015,99.855,0.526,3.332,0.537,4.498,0.09,3.892,0.101,2.259
637,13.957,3.745,291.85,390.475,54.964,-54.562,-17.571,8.456,270.094,488.049,67.642,105.589,0.526,3.386,0.572,4.559,0.105,3.949,0.099,2.25
638,14.087,3.832,292.27,393.544,53.231,-57.716,-17.741,8.864,269.63,491.364,69.519,105.952,0.511,3.407,0.59,4.596,0.088,3.978,0.097,2.242
639,13.816,3.789,291.396,399.848,53.197,-54.496,-17.49,8.319,269.212,494.349,67.829,103.774,0.511,3.472,0.576,4.634,0.09,4.03,0.095,2.235
640,13.885,3.835,290.965,402.963,54.951,-55.127,-17.703,8.678,269.212,494.349,67.829,103.415,0.527,3.505,0.575,4.632,0.106,4.047,0.093,2.229
641,13.779,4.081,290.973,409.385,54.988,-60.878,-17.757,9.083,269.617,503.901,69.653,103.419,0.527,3.56,0.591,4.714,0.122,4.115,0.091,2.225
642,13.618,3.923,290.973,409.385,54.988,-58.054,-17.893,8.768,269.617,503.901,69.653,104.834,0.527,3.56,0.59,4.715,0.122,4.116,0.09,2.222
643,14.096,3.947,290.542,412.5,56.743,-60.145,-17.717,8.722,270.091,506.628,67.837,104.479,0.544,3.593,0.573,4.732,0.141,4.142,0.088,2.22
644,13.643,4.256,290.518,418.758,53.221,-58.261,-17.891,9.434,270.486,510.137,69.599,105.904,0.512,3.647,0.588,4.756,0.141,4.181,0.087,2.219
645,13.387,4.183,290.97,421.989,55.047,-55.328,-17.851,9.516,270.032,519.495,71.537,109.838,0.526,3.669,0.607,4.852,0.139,4.238,0.086,2.22
646,13.953,4.261,290.074,421.947,51.433,-58.748,-18.164,9.027,270.891,519.688,71.423,109.769,0.498,3.68,0.603,4.84,0.158,4.24,0.085,2.222
647,13.752,4.039,289.644,425.062,53.187,-58.652,-17.986,8.988,270.901,525.731,71.484,108.088,0.514,3.714,0.604,4.896,0.175,4.285,0.084,2.225
648,13.758,4.276,290.064,428.131,51.454,-57.392,-18.114,9.036,271.365,522.416,69.607,107.353,0.498,3.734,0.585,4.857,0.159,4.277,0.084,2.229
649,13.495,3.923,290.095,428.294,55.013,-57.552,-17.98,9.161,271.76,525.925,71.369,109.517,0.528,3.737,0.602,4.882,0.191,4.291,0.083,2.234
650,13.655,3.816,291.388,437.662,53.373,-60.472,-17.632,8.895,271.342,528.909,69.68,106.687,0.512,3.802,0.588,4.919,0.141,4.34,0.083,2.24
651,13.893,4.437,290.967,434.594,55.106,-59.416,-18.167,9.075,272.211,535.146,69.626,108.101,0.529,3.779,0.584,4.96,0.175,4.35,0.083,2.247
652,14.049,4.515,290.544,444.13,56.897,-60.789,-17.804,9.389,272.211,535.146,69.626,107.118,0.546,3.867,0.585,4.959,0.192,4.395,0.083,2.255
653,13.926,4.378,290.1,447.32,55.108,-64.233,-17.901,8.882,271.329,541.445,69.814,109.465,0.53,3.902,0.588,5.036,0.176,4.45,0.083,2.264
654,13.624,4.426,290.09,453.503,55.13,-62.107,-18.04,8.799,271.329,541.445,69.814,105.596,0.53,3.956,0.588,5.037,0.176,4.478,0.084,2.273
655,14.102,4.158,289.226,453.625,55.074,-59.661,-18.439,8.747,271.329,541.445,69.814,108.356,0.532,3.969,0.586,5.037,0.193,4.486,0.084,2.284
656,13.45,4.299,289.646,456.693,53.342,-61.116,-18.31,9.241,271.293,547.819,73.441,108.339,0.514,3.99,0.621,5.095,0.192,4.525,0.085,2.295
657,13.757,4.56,290.098,459.925,55.167,-63.588,-18.17,9.601,274.354,557.17,71.343,113.038,0.53,4.011,0.595,5.124,0.243,4.552,0.086,2.307
658,13.885,4.695,289.215,459.808,55.096,-62.825,-17.9,9.74,272.626,550.74,71.511,111.337,0.532,4.022,0.601,5.096,0.228,4.543,0.087,2.32
659,13.614,4.693,289.223,466.229,55.133,-61.344,-18.271,9.378,271.744,557.04,71.698,111.245,0.531,4.078,0.604,5.173,0.21,4.608,0.088,2.334
660,13.801,5.004,288.792,469.344,56.888,-58.94,-18.27,9.731,271.744,557.04,71.698,111.287,0.548,4.111,0.604,5.171,0.227,4.625,0.089,2.349
661,13.321,5.229,288.792,469.344,56.888,-60.87,-18.485,9.652,273.031,560.292,73.334,113.071,0.546,4.11,0.615,5.177,0.259,4.629,0.091,2.364
662,13.762,5.177,288.803,463.161,56.866,-60.027,-18.176,9.416,272.149,566.591,73.521,115.887,0.548,4.056,0.62,5.254,0.243,4.637,0.092,2.379
663,13.612,4.591,287.928,469.466,56.832,-63.619,-18.135,9.15,271.744,557.04,71.698,110.54,0.548,4.126,0.604,5.173,0.245,4.634,0.094,2.395
664,13.703,5.179,287.92,463.044,56.795,-58.975,-17.96,9.646,271.28,560.355,73.575,115.21,0.548,4.067,0.623,5.211,0.245,4.622,0.096,2.412
665,13.275,4.997,287.92,463.044,56.795,-60.967,-18.176,9.554,271.744,557.04,71.698,110.56,0.547,4.068,0.604,5.172,0.244,4.604,0.099,2.429
666,13.53,4.97,288.795,456.74,56.829,-55.787,-18.215,9.416,272.603,557.233,71.584,111.25,0.546,4,0.601,5.158,0.243,4.562,0.101,2.446
667,13.53,4.996,289.247,459.971,58.655,-59.734,-18.402,9.375,273.067,553.918,69.707,109.433,0.562,4.022,0.582,5.118,0.243,4.554,0.103,2.463
668,13.27,4.925,289.247,459.971,58.655,-59.521,-18.257,9.338,272.626,550.74,71.511,109.52,0.561,4.022,0.6,5.097,0.242,4.544,0.105,2.48
669,13.312,4.623,289.239,453.55,58.618,-56.688,-18.306,9.556,272.626,550.74,71.511,110.165,0.561,3.967,0.6,5.096,0.242,4.515,0.108,2.496
670,13.432,5.238,289.249,447.367,58.596,-57.061,-18.13,9.159,272.616,544.697,71.45,110.613,0.561,3.91,0.6,5.042,0.241,4.459,0.11,2.513
671,13.415,4.673,288.798,444.135,56.77,-56.332,-18.61,9.608,272.211,535.146,69.626,107.325,0.546,3.89,0.582,4.958,0.225,4.408,0.113,2.529
672,13.403,4.837,288.821,437.877,60.292,-55.001,-18.306,9.52,271.342,528.909,69.68,104.113,0.576,3.834,0.585,4.916,0.224,4.358,0.115,2.545
673,12.915,4.085,289.252,434.762,58.537,-59.401,-17.95,8.982,270.473,522.673,69.733,106.284,0.559,3.804,0.589,4.876,0.19,4.322,0.118,2.559
674,13.304,4.185,289.244,428.341,58.5,-57.443,-18.208,9.115,270.937,519.358,67.856,105.174,0.56,3.747,0.57,4.836,0.191,4.274,0.12,2.574
675,13.394,3.907,289.675,425.226,56.746,-55.4,-17.844,8.996,271.391,509.999,65.919,106.382,0.544,3.715,0.552,4.74,0.175,4.211,0.122,2.587
676,14.049,4.207,290.119,422.036,58.535,-57.558,-17.718,9.168,270.95,506.821,67.722,102.405,0.561,3.68,0.57,4.718,0.175,4.181,0.124,2.599
677,13.705,4.052,290.566,406.242,60.265,-54.886,-17.58,8.41,271.405,497.463,65.785,102.408,0.574,3.537,0.552,4.625,0.173,4.063,0.126,2.61
678,13.547,4.104,290.996,403.127,58.51,-58.529,-17.934,8.729,271,487.912,63.961,104.817,0.557,3.505,0.534,4.541,0.139,4.004,0.128,2.62
679,13.797,3.979,290.996,403.127,58.51,-61.056,-17.611,8.497,271,487.912,63.961,99.137,0.558,3.505,0.535,4.542,0.14,4.005,0.13,2.629
680,13.645,3.611,292.315,393.632,60.333,-58.592,-17.832,7.79,271.882,481.612,63.774,101.677,0.571,3.408,0.531,4.471,0.138,3.92,0.131,2.636
681,13.695,3.303,291.443,387.332,60.24,-54.601,-17.816,8.148,271.013,475.376,63.827,102.415,0.572,3.364,0.533,4.426,0.138,3.876,0.132,2.642
682,13.414,3.558,293.19,387.328,60.367,-56.754,-17.555,8.417,272.336,472.254,61.836,103.111,0.569,3.343,0.513,4.374,0.12,3.84,0.133,2.646
683,14.1,3.464,292.762,377.838,62.063,-57.24,-17.774,8.107,271.895,469.076,63.64,103.819,0.586,3.266,0.53,4.353,0.137,3.789,0.134,2.65
684,13.25,3.098,292.748,377.913,58.519,-53.467,-17.728,7.981,272.359,465.76,61.763,101.724,0.553,3.268,0.512,4.315,0.121,3.773,0.134,2.651
685,13.983,2.908,293.192,374.723,60.308,-57.495,-17.588,7.79,271.467,466.017,61.89,102.742,0.57,3.236,0.515,4.332,0.104,3.763,0.135,2.652
686,13.469,3.451,292.741,371.491,58.482,-55.134,-17.547,8.109,271.467,466.017,61.89,100.685,0.553,3.212,0.515,4.331,0.104,3.75,0.135,2.651
687,13.597,3.437,292.765,365.233,62.004,-56.967,-17.737,8.236,270.608,465.824,62.004,100.232,0.584,3.157,0.517,4.342,0.102,3.726,0.135,2.649
688,13.476,3.37,292.765,365.233,62.004,-55.899,-17.601,8.25,269.739,459.588,62.057,99.939,0.584,3.157,0.52,4.297,0.085,3.704,0.135,2.646
689,13.825,3.493,292.313,362.002,60.178,-55.635,-17.877,8.376,268.847,459.845,62.184,98.704,0.57,3.134,0.522,4.314,0.069,3.699,0.134,2.642
690,13.565,3.355,291.448,362.123,60.123,-55.921,-17.824,8.241,268.406,456.667,63.988,100.863,0.57,3.144,0.54,4.291,0.085,3.694,0.133,2.637
691,13.771,3.533,291.448,362.123,60.123,-51.362,-17.6,8.558,267.56,456.593,60.548,102.357,0.571,3.144,0.51,4.303,0.053,3.699,0.133,2.632
692,13.642,3.184,290.997,358.891,58.297,-51.087,-17.46,8.385,268.024,453.278,58.671,99.129,0.556,3.122,0.492,4.265,0.055,3.67,0.131,2.625
693,14.033,3.667,291.871,352.587,58.331,-55.967,-17.28,8.431,267.582,450.1,60.475,100.281,0.556,3.056,0.51,4.241,0.038,3.623,0.13,2.618
694,13.783,3.578,292.292,355.655,56.598,-55.18,-17.276,8.34,268.442,450.293,60.361,101.704,0.539,3.078,0.507,4.23,0.038,3.63,0.129,2.609
695,14.403,3.242,293.166,349.35,56.632,-54.583,-17.103,8.381,269.347,450.156,56.68,97.157,0.54,3.016,0.472,4.214,0.023,3.59,0.127,2.601
696,13.946,3.213,293.166,349.35,56.632,-52.555,-17.551,8.161,269.324,443.993,60.173,103.098,0.538,3.016,0.503,4.157,0.037,3.562,0.125,2.591
697,13.987,3.419,293.621,339.977,58.399,-53.533,-17.408,8.297,269.765,447.171,58.369,101.715,0.553,2.929,0.486,4.18,0.037,3.528,0.123,2.581
698,13.958,3.295,294.937,343.087,60.281,-54.105,-17.449,8.249,270.657,446.914,58.243,102.413,0.566,2.944,0.483,4.164,0.036,3.528,0.121,2.57
699,13.869,3.217,295.367,339.972,58.526,-49.209,-17.513,7.487,270.657,446.914,58.243,100.22,0.55,2.913,0.483,4.167,0.019,3.512,0.118,2.558
700,14.038,2.752,295.367,339.972,58.526,-49.438,-17.758,8.242,271.075,443.93,59.932,101.289,0.551,2.914,0.497,4.13,0.035,3.496,0.116,2.546
701,13.682,2.436,295.367,339.972,58.526,-56.013,-17.584,8.252,270.193,450.229,60.12,100.65,0.549,2.915,0.501,4.202,0.017,3.53,0.113,2.534
702,13.981,2.784,294.937,343.087,60.281,-58.559,-17.579,7.714,270.229,443.856,56.493,100.584,0.566,2.945,0.467,4.144,0.019,3.518,0.11,2.521
703,13.944,2.884,294.923,343.162,56.737,-51.792,-17.636,8.248,269.765,447.171,58.369,100.919,0.536,2.946,0.485,4.18,0.002,3.535,0.108,2.508
704,14.206,2.684,294.062,349.392,60.247,-51.323,-17.639,8.374,268.87,453.351,62.111,97.689,0.569,3.009,0.522,4.252,0.035,3.603,0.105,2.494
705,13.593,3.417,293.618,352.582,58.458,-51.013,-17.342,8.245,269.311,456.529,60.307,101.337,0.552,3.038,0.505,4.275,0.036,3.63,0.102,2.481
706,14.343,3.271,293.174,355.772,56.669,-53.253,-17.466,8.289,268.465,456.456,56.867,100.559,0.54,3.071,0.474,4.288,0.005,3.653,0.099,2.468
707,14.06,3.562,293.618,352.582,58.458,-53.513,-17.335,8.863,268.429,462.829,60.494,99.146,0.553,3.038,0.508,4.347,0.02,3.663,0.096,2.455
708,13.954,3.497,293.594,358.84,54.936,-53.943,-17.52,8.69,268.429,462.829,60.494,99.121,0.523,3.093,0.508,4.347,0.004,3.692,0.093,2.442
709,14.029,4.056,292.743,358.887,58.424,-55.542,-17.656,8.871,268.429,462.829,60.494,105.909,0.555,3.1,0.507,4.347,0.037,3.696,0.089,2.43
710,13.559,3.564,293.164,361.955,56.691,-59.757,-17.119,8.773,268.429,462.829,60.494,103.797,0.537,3.124,0.509,4.347,0.02,3.709,0.086,2.418
711,13.874,4.07,293.615,365.186,58.517,-57.72,-17.881,8.948,269.298,469.065,60.441,102.676,0.553,3.145,0.504,4.391,0.036,3.741,0.083,2.406
712,13.949,3.67,293.615,365.186,58.517,-57.292,-17.596,9.088,268.87,466.007,58.691,103.062,0.554,3.147,0.49,4.369,0.02,3.731,0.08,2.395
713,13.862,3.704,293.615,365.186,58.517,-54.97,-17.559,9,269.298,469.065,60.441,101.997,0.553,3.147,0.506,4.391,0.037,3.742,0.077,2.384
714,13.865,3.773,294.498,365.303,58.588,-54.529,-17.381,8.64,268.87,466.007,58.691,100.6,0.552,3.138,0.49,4.371,0.003,3.726,0.074,2.374
715,14.168,3.804,294.466,365.14,55.029,-56.801,-17.565,8.958,268.834,472.381,62.318,105.219,0.523,3.137,0.524,4.43,0.003,3.754,0.071,2.365
716,14.223,3.545,294.918,368.371,56.855,-54.783,-17.855,8.872,269.298,469.065,60.441,106.259,0.538,3.161,0.504,4.392,0.003,3.748,0.068,2.355
717,13.946,3.804,295.362,365.182,58.643,-52.823,-17.465,8.83,269.298,469.065,60.441,97.808,0.551,3.128,0.506,4.392,0.002,3.73,0.065,2.346
718,13.693,4.173,294.918,368.371,56.855,-56.137,-17.426,8.638,269.298,469.065,60.441,103.097,0.536,3.159,0.506,4.392,0.003,3.747,0.062,2.338
719,13.38,3.548,294.488,371.486,58.609,-53.556,-17.42,9.005,268.856,465.888,62.245,102.362,0.551,3.192,0.524,4.368,0.018,3.753,0.059,2.33
720,14.081,3.496,294.918,368.371,56.855,-53.531,-17.297,8.825,268.393,469.203,64.122,99.216,0.537,3.161,0.543,4.408,0.002,3.755,0.056,2.322
721,13.681,3.353,294.466,365.14,55.029,-52.822,-17.027,9.049,269.298,469.065,60.441,103.891,0.521,3.138,0.507,4.391,0.004,3.737,0.054,2.315
722,13.91,3.453,294.918,368.371,56.855,-56.744,-17.592,8.731,268.452,468.992,57.001,103.078,0.537,3.161,0.474,4.405,-0.03,3.754,0.051,2.308
723,13.92,3.698,294.918,368.371,56.855,-53.449,-17.33,8.826,268.429,462.829,60.494,104.53,0.537,3.16,0.509,4.347,-0.014,3.726,0.048,2.301
724,14.433,3.855,294.918,368.371,56.855,-57.055,-17.465,8.733,268.429,462.829,60.494,100.559,0.538,3.16,0.508,4.347,-0.014,3.726,0.045,2.295
725,13.781,3.44,294.488,371.486,58.609,-57.128,-17.381,8.733,267.965,466.145,62.371,102.789,0.552,3.192,0.527,4.386,0.001,3.761,0.042,2.289
726,14.086,3.233,294.918,368.371,56.855,-56.372,-17.512,8.465,268.429,462.829,60.494,105.92,0.537,3.162,0.508,4.348,-0.014,3.727,0.039,2.283
727,14.138,3.102,295.783,368.25,56.91,-53.641,-17.463,8.461,268.429,462.829,60.494,104.818,0.536,3.152,0.508,4.348,-0.031,3.721,0.036,2.278
728,13.885,3.746,294.918,368.371,56.855,-51.411,-17.649,8.508,267.965,466.145,62.371,107.36,0.537,3.16,0.526,4.387,-0.016,3.744,0.033,2.273
729,14.135,3.235,295.362,365.182,58.643,-51.856,-17.609,8.417,267.965,466.145,62.371,104.106,0.552,3.13,0.526,4.387,-0.016,3.728,0.031,2.268
730,13.863,3.134,295.783,368.25,56.91,-53.961,-17.642,8.328,267.965,466.145,62.371,110.911,0.535,3.152,0.526,4.388,-0.033,3.739,0.028,2.263
731,13.977,3.346,295.339,371.44,55.122,-56.83,-17.201,8.282,267.965,466.145,62.371,100.592,0.521,3.183,0.528,4.388,-0.031,3.756,0.025,2.259
732,14.039,3.315,295.8,368.488,56.926,-54.548,-17.639,8.738,268.429,462.829,60.494,106.98,0.536,3.153,0.507,4.347,-0.032,3.721,0.022,2.255
733,14.096,3.366,295.339,371.44,55.122,-53.934,-17.467,8.555,268.429,462.829,60.494,101.357,0.522,3.183,0.508,4.348,-0.03,3.738,0.019,2.251
734,14.131,2.978,295.339,371.44,55.122,-52.59,-17.387,8.601,267.965,466.145,62.371,101.702,0.522,3.184,0.527,4.387,-0.031,3.756,0.017,2.247
735,13.956,2.492,295.783,368.25,56.91,-50.769,-17.74,8.46,267.965,466.145,62.371,104.095,0.536,3.154,0.526,4.387,-0.033,3.74,0.014,2.243
736,13.953,3.046,296.234,371.482,58.736,-57.538,-17.527,8.099,267.988,472.307,58.878,101.62,0.551,3.175,0.493,4.447,-0.049,3.779,0.011,2.24
737,13.869,2.959,295.339,371.44,55.122,-54.677,-17.569,8.593,267.974,472.187,62.432,105.88,0.521,3.185,0.527,4.444,-0.032,3.784,0.008,2.237
738,13.646,2.871,295.79,374.671,56.947,-54.371,-17.741,8.726,268.416,475.365,60.628,104.807,0.535,3.208,0.508,4.466,-0.032,3.806,0.006,2.234
739,14.112,3.496,295.36,377.786,58.702,-57.096,-18.015,8.332,268.416,475.365,60.628,102.995,0.552,3.237,0.507,4.468,-0.015,3.823,0.003,2.232
740,13.678,3.088,295.36,377.786,58.702,-55.707,-17.253,8.603,268.843,478.424,62.379,106.393,0.551,3.238,0.526,4.488,0.002,3.834,0.001,2.23
741,14.177,3.703,295.346,377.861,55.159,-60.333,-17.695,8.549,267.952,478.681,62.505,103.054,0.522,3.237,0.527,4.506,-0.031,3.841,-0.002,2.228
742,14.061,4.092,294.916,380.976,56.913,-54.142,-17.599,8.816,269.285,481.602,60.575,103.845,0.538,3.267,0.507,4.51,0.004,3.861,-0.004,2.227
743,14.005,3.717,295.336,384.044,55.18,-55.395,-17.656,8.685,268.843,478.424,62.379,103.049,0.522,3.29,0.524,4.488,-0.014,3.861,-0.006,2.225
744,13.823,3.666,294.916,380.976,56.913,-55.624,-17.878,8.543,268.379,481.739,64.256,105.179,0.537,3.269,0.542,4.528,0.001,3.869,-0.009,2.225
745,14.089,3.584,295.336,384.044,55.18,-55.484,-17.515,8.773,268.843,478.424,62.379,104.157,0.522,3.291,0.525,4.488,-0.013,3.861,-0.011,2.224
746,13.698,3.808,294.041,387.281,56.879,-52.718,-17.656,8.586,268.821,484.917,62.452,105.859,0.538,3.333,0.525,4.55,0.02,3.914,-0.012,2.224
747,13.763,3.388,294.461,390.349,55.146,-59.514,-17.301,8.774,268.843,478.424,62.379,102.409,0.522,3.356,0.526,4.488,0.004,3.896,-0.014,2.225
748,13.786,3.491,294.485,384.091,58.668,-54.408,-17.474,8.687,268.821,484.917,62.452,101.007,0.553,3.301,0.526,4.55,0.019,3.897,-0.016,2.225
749,13.718,3.264,294.041,387.281,56.879,-51.765,-17.569,8.683,268.379,481.739,64.256,103.051,0.538,3.334,0.543,4.527,0.019,3.904,-0.017,2.226
750,13.918,3.436,294.041,387.281,56.879,-56.855,-17.692,8.732,268.843,478.424,62.379,102.39,0.538,3.334,0.524,4.488,0.02,3.885,-0.019,2.228
751,14.046,3.589,294.471,384.166,55.125,-57.418,-17.329,8.418,269.703,478.617,62.264,102.773,0.523,3.302,0.523,4.477,0.021,3.863,-0.02,2.229
752,13.993,3.317,295.336,384.044,55.18,-59.136,-17.381,8.731,270.131,481.675,64.015,109.192,0.522,3.292,0.538,4.497,0.02,3.868,-0.021,2.23
753,14.017,3.142,294.916,380.976,56.913,-56.445,-17.388,8.098,270.131,481.675,64.015,104.868,0.538,3.271,0.538,4.499,0.036,3.858,-0.022,2.232
754,13.788,3.263,294.471,384.166,55.125,-56.496,-17.7,8.539,270.131,481.675,64.015,106.62,0.522,3.303,0.537,4.498,0.037,3.874,-0.023,2.234
755,13.764,2.708,294.471,384.166,55.125,-58.605,-17.476,8.507,270.131,481.675,64.015,102.379,0.522,3.305,0.538,4.498,0.037,3.876,-0.024,2.236
756,14.048,3.128,294.464,377.744,55.088,-51.293,-17.786,8.15,270.131,481.675,64.015,105.591,0.523,3.248,0.537,4.499,0.037,3.847,-0.024,2.237
757,14.123,2.897,294.041,387.281,56.879,-57.929,-17.966,8.414,269.703,478.617,62.264,103.405,0.539,3.336,0.52,4.477,0.037,3.881,-0.025,2.239
758,14.037,3.931,294.471,384.166,55.125,-57.236,-17.965,8.328,270.131,481.675,64.015,106.266,0.523,3.3,0.536,4.499,0.036,3.874,-0.025,2.241
759,13.83,3.092,293.589,384.049,55.054,-58.774,-17.778,8.372,270.131,481.675,64.015,105.213,0.523,3.312,0.537,4.498,0.054,3.881,-0.025,2.243
760,13.999,3.578,294.041,387.281,56.879,-53.594,-17.606,8.69,269.703,478.617,62.264,104.191,0.539,3.333,0.522,4.476,0.037,3.88,-0.025,2.246
761,13.573,3.054,293.169,380.981,56.786,-55.593,-18.09,8.542,269.703,478.617,62.264,104.114,0.538,3.29,0.52,4.476,0.053,3.859,-0.025,2.248
762,14.134,2.882,293.169,380.981,56.786,-51.82,-17.604,8.503,269.703,478.617,62.264,104.199,0.54,3.291,0.522,4.476,0.055,3.859,-0.025,2.25
763,13.737,3.179,293.169,380.981,56.786,-54.659,-17.788,8.366,269.703,478.617,62.264,105.854,0.539,3.29,0.521,4.477,0.054,3.859,-0.025,2.252
764,13.87,3.604,293.169,380.981,56.786,-58.377,-17.478,8.418,269.262,475.439,64.068,103.067,0.539,3.289,0.54,4.454,0.054,3.846,-0.025,2.254
765,13.788,3.133,293.169,380.981,56.786,-54.541,-17.778,8.417,269.703,478.617,62.264,99.107,0.539,3.29,0.521,4.477,0.054,3.859,-0.024,2.256
766,13.335,3.675,293.169,380.981,56.786,-58.749,-17.779,8.248,270.585,472.317,62.077,102.086,0.537,3.288,0.518,4.403,0.07,3.824,-0.024,2.258
767,14.353,2.992,293.613,377.791,58.575,-55.356,-17.92,8.014,270.585,472.317,62.077,105.523,0.555,3.258,0.517,4.404,0.071,3.808,-0.023,2.26
768,13.785,3.447,293.613,377.791,58.575,-55.521,-17.858,8.416,270.585,472.317,62.077,103.427,0.554,3.257,0.517,4.403,0.07,3.806,-0.023,2.262
769,13.999,3.051,294.043,374.676,56.821,-57.075,-17.779,7.968,271.013,475.376,63.827,104.154,0.538,3.226,0.533,4.426,0.07,3.802,-0.022,2.263
770,13.792,2.92,294.043,374.676,56.821,-50.093,-17.824,8.061,271.013,475.376,63.827,103.828,0.538,3.227,0.533,4.426,0.07,3.802,-0.021,2.265
771,13.949,2.598,293.161,374.559,56.75,-56.779,-17.823,8.388,271.013,475.376,63.827,103.489,0.539,3.236,0.533,4.425,0.087,3.807,-0.02,2.266
772,14.237,2.52,294.043,374.676,56.821,-58.091,-17.464,8.194,270.585,472.317,62.077,108.496,0.539,3.228,0.519,4.404,0.054,3.791,-0.019,2.267
773,13.876,3.006,293.623,371.608,58.553,-54.919,-17.997,8.376,270.585,472.317,62.077,103.421,0.554,3.204,0.517,4.403,0.069,3.779,-0.018,2.268
774,13.6,3.179,293.592,371.444,54.995,-55.663,-17.988,8.332,271.049,469.002,60.2,102.371,0.522,3.203,0.498,4.365,0.054,3.76,-0.017,2.269
775,14.178,2.996,293.171,368.376,56.728,-56.053,-17.952,8.057,271.049,469.002,60.2,106.933,0.54,3.181,0.499,4.366,0.072,3.75,-0.016,2.269
776,13.468,2.956,292.297,374.681,56.694,-54.167,-17.869,8.417,270.144,469.139,63.881,106.938,0.539,3.246,0.535,4.38,0.087,3.791,-0.015,2.27
777,13.904,3.516,293.161,374.559,56.75,-53.913,-17.721,7.93,269.716,466.081,62.13,101.311,0.539,3.233,0.52,4.36,0.054,3.773,-0.014,2.27
778,13.435,3.226,294.043,374.676,56.821,-51.77,-17.897,8.017,270.608,465.824,62.004,102.692,0.536,3.226,0.517,4.343,0.052,3.761,-0.012,2.27
779,13.902,3.172,292.297,374.681,56.694,-56.11,-17.866,8.104,270.585,472.317,62.077,103.761,0.54,3.245,0.517,4.404,0.088,3.802,-0.011,2.27
780,13.656,3.573,293.592,371.444,54.995,-54.188,-17.816,8.466,271.895,469.076,63.64,101.301,0.522,3.201,0.53,4.351,0.087,3.754,-0.01,2.27
781,14.047,3.13,293.148,374.634,53.206,-55.925,-17.95,8.027,271.895,469.076,63.64,103.084,0.509,3.235,0.529,4.353,0.089,3.773,-0.009,2.27
782,13.777,3.489,292.717,377.749,54.961,-56.067,-17.723,8.153,271.895,469.076,63.64,101.003,0.524,3.266,0.53,4.352,0.105,3.789,-0.007,2.269
783,13.738,3.758,292.741,371.491,58.482,-57.069,-18.042,8.019,271.431,472.391,65.517,99.485,0.554,3.21,0.547,4.391,0.119,3.779,-0.006,2.269
784,13.643,3.539,292.748,377.913,58.519,-53.239,-18.007,8.381,271.477,472.06,61.951,101.993,0.554,3.267,0.514,4.386,0.104,3.805,-0.005,2.269
785,13.769,3.167,292.717,377.749,54.961,-59.277,-17.778,8.644,271.431,472.391,65.517,103.104,0.524,3.267,0.548,4.389,0.104,3.807,-0.003,2.268
786,13.564,3.26,292.717,377.749,54.961,-56.621,-18.09,8.145,271.895,469.076,63.64,103.008,0.523,3.267,0.529,4.352,0.104,3.79,-0.001,2.268
787,14.031,3.304,292.297,374.681,56.694,-52.466,-17.962,8.693,271.013,475.376,63.827,104.169,0.54,3.245,0.533,4.424,0.105,3.812,0,2.267
788,13.828,3.098,292.318,381.028,60.274,-55.938,-17.517,8.288,271.013,475.376,63.827,105.271,0.571,3.3,0.534,4.425,0.121,3.841,0.002,2.267
789,13.285,3.264,291.852,377.871,54.905,-58.076,-18.36,8.327,271.013,475.376,63.827,105.138,0.523,3.277,0.531,4.425,0.104,3.83,0.004,2.267
790,13.884,3.577,292.287,380.864,56.715,-55.329,-17.881,8.237,271.013,475.376,63.827,98.418,0.54,3.298,0.533,4.425,0.105,3.84,0.006,2.267
791,13.567,3.436,291.422,380.986,56.66,-60.074,-17.506,8.06,271.013,475.376,63.827,100.586,0.54,3.309,0.534,4.426,0.123,3.847,0.007,2.267
792,13.498,3.754,292.294,387.286,56.752,-54.793,-17.523,8.28,271.013,475.376,63.827,101.671,0.539,3.353,0.534,4.425,0.105,3.869,0.009,2.267
793,13.556,3.437,292.738,384.096,58.541,-54.575,-17.867,8.556,271.918,475.238,60.147,103.831,0.554,3.321,0.497,4.408,0.105,3.844,0.011,2.267
794,14.217,3.359,292.725,384.171,54.998,-55.655,-18.365,8.012,271.918,475.238,60.147,99.778,0.526,3.322,0.495,4.41,0.09,3.846,0.013,2.267
795,13.878,3.549,292.738,384.096,58.541,-54.12,-18.132,8.194,271.872,475.569,63.713,102.334,0.555,3.321,0.529,4.413,0.12,3.847,0.015,2.267
796,13.603,3.492,292.738,384.096,58.541,-57.26,-17.82,8.687,272.3,478.627,65.463,99.571,0.554,3.321,0.546,4.433,0.137,3.857,0.016,2.268
797,14.096,3.649,291.842,384.054,54.927,-60.378,-18.135,8.554,272.764,475.312,63.587,101.682,0.526,3.33,0.526,4.395,0.14,3.845,0.018,2.268
798,13.82,3.137,292.738,384.096,58.541,-59.055,-18.089,8.516,272.3,478.627,65.463,100.97,0.555,3.322,0.545,4.434,0.137,3.858,0.02,2.269
799,14.181,3.698,292.725,384.171,54.998,-59.377,-18.04,8.821,272.3,478.627,65.463,103.788,0.525,3.321,0.545,4.433,0.122,3.857,0.022,2.269
800,13.977,3.133,292.294,387.286,56.752,-53.829,-18.188,8.6,272.3,478.627,65.463,104.458,0.541,3.355,0.545,4.433,0.138,3.875,0.024,2.27
801,13.715,3.805,293.166,393.585,56.845,-54.725,-17.913,8.6,271.882,481.612,63.774,100.964,0.539,3.397,0.531,4.468,0.104,3.912,0.026,2.271
802,13.93,3.707,292.294,387.286,56.752,-56.627,-18.052,9.006,272.309,484.67,65.524,99.537,0.541,3.353,0.546,4.488,0.138,3.9,0.028,2.272
803,13.741,3.503,292.294,387.286,56.752,-58.202,-17.748,8.687,271.418,484.927,65.651,97.429,0.54,3.354,0.55,4.506,0.121,3.909,0.03,2.273
804,13.822,3.459,292.27,393.544,53.231,-59.261,-18.132,8.646,272.323,484.79,61.97,101.006,0.51,3.408,0.512,4.49,0.107,3.93,0.032,2.274
805,13.914,3.473,292.714,390.354,55.02,-56.331,-17.877,8.504,271.846,487.985,67.401,99.182,0.525,3.375,0.565,4.529,0.121,3.931,0.034,2.275
806,14.229,3.676,292.714,390.354,55.02,-56.539,-17.653,8.232,272.309,484.67,65.524,100.267,0.526,3.375,0.547,4.491,0.123,3.913,0.035,2.277
807,14.191,4.08,293.166,393.585,56.845,-59.371,-17.824,8.456,271.418,484.927,65.651,102.052,0.541,3.396,0.549,4.507,0.105,3.93,0.037,2.279
808,13.96,3.979,292.714,390.354,55.02,-57.56,-17.864,8.33,270.976,481.749,67.454,102.732,0.525,3.374,0.567,4.485,0.104,3.908,0.039,2.281
809,14.273,3.713,293.166,393.585,56.845,-55.277,-18.131,8.067,271.418,484.927,65.651,102.063,0.541,3.397,0.548,4.509,0.104,3.932,0.041,2.282
810,13.84,4.197,292.722,396.775,55.056,-59.722,-18.142,8.372,271.418,484.927,65.651,102.343,0.525,3.429,0.548,4.508,0.104,3.948,0.042,2.284
811,13.829,4.06,292.736,396.7,58.6,-62.265,-18.012,8.104,271.418,484.927,65.651,102.692,0.556,3.428,0.549,4.509,0.12,3.948,0.044,2.287
812,13.97,4.03,293.142,399.843,53.324,-56.646,-17.656,8.146,271.882,481.612,63.774,100.977,0.51,3.451,0.531,4.47,0.09,3.941,0.045,2.289
813,14.012,3.654,292.701,390.428,51.476,-55.714,-17.554,8.644,270.976,481.749,67.454,104.983,0.494,3.376,0.568,4.484,0.089,3.909,0.046,2.291
814,14.005,3.661,293.145,387.239,53.265,-56.933,-18,8.551,270.99,481.869,63.9,105.591,0.509,3.343,0.533,4.485,0.072,3.892,0.048,2.293
815,14.275,3.324,293.166,393.585,56.845,-57.606,-17.963,8.278,270.549,478.691,65.704,100.906,0.541,3.399,0.551,4.464,0.087,3.91,0.049,2.296
816,14.367,3.495,293.142,399.843,53.324,-56.902,-17.83,8.198,271.013,475.376,63.827,103.446,0.511,3.453,0.533,4.425,0.073,3.92,0.05,2.298
817,14.101,3.531,293.587,396.654,55.112,-56.649,-17.648,8.28,270.99,481.869,63.9,101.319,0.525,3.42,0.534,4.486,0.072,3.932,0.051,2.3
818,14.056,3.76,293.587,396.654,55.112,-57.246,-17.695,8.33,270.976,481.749,67.454,103.486,0.525,3.419,0.568,4.485,0.087,3.931,0.051,2.303
819,13.965,3.884,293.587,396.654,55.112,-59.019,-18.044,8.103,271.013,475.376,63.827,100.176,0.524,3.419,0.532,4.426,0.071,3.902,0.052,2.305
820,14.102,4.014,292.722,396.775,55.056,-54.175,-17.766,8.371,271.013,475.376,63.827,103.131,0.526,3.429,0.533,4.425,0.089,3.908,0.053,2.307
821,14.392,3.643,293.587,396.654,55.112,-62.379,-17.688,7.886,271.454,478.554,62.024,101.37,0.526,3.419,0.516,4.449,0.073,3.914,0.053,2.309
822,13.992,3.575,294.017,393.539,53.358,-58.396,-17.871,8.464,271.013,475.376,63.827,103.769,0.508,3.388,0.533,4.424,0.055,3.885,0.054,2.311
823,13.868,3.882,294.017,393.539,53.358,-58.394,-17.643,7.93,271.013,475.376,63.827,106.366,0.508,3.387,0.534,4.426,0.055,3.885,0.054,2.313
824,14.054,3.76,294.017,393.539,53.358,-55.332,-17.733,8.234,271.013,475.376,63.827,105.164,0.509,3.387,0.533,4.425,0.055,3.885,0.054,2.315
825,13.845,4.122,293.587,396.654,55.112,-56.748,-17.823,8.103,271.013,475.376,63.827,108.384,0.524,3.418,0.533,4.426,0.071,3.902,0.054,2.317
826,13.75,3.636,294.041,387.281,56.879,-62.278,-17.733,8.28,271.013,475.376,63.827,102.724,0.538,3.333,0.533,4.425,0.07,3.857,0.054,2.319
827,13.821,3.93,293.597,390.471,55.091,-57.714,-17.734,8.116,271.049,469.002,60.2,104.907,0.524,3.365,0.499,4.365,0.055,3.845,0.054,2.32
828,13.77,3.876,294.01,387.117,53.321,-59.704,-17.821,7.97,270.585,472.317,62.077,103.815,0.507,3.331,0.518,4.405,0.038,3.846,0.054,2.322
829,14.187,3.935,293.176,387.402,56.823,-54.778,-17.953,8.327,271.013,475.376,63.827,104.12,0.541,3.343,0.533,4.425,0.088,3.863,0.054,2.323
830,14.135,3.714,293.589,384.049,55.054,-58.468,-17.701,8.774,271.013,475.376,63.827,101.295,0.524,3.31,0.534,4.423,0.072,3.844,0.053,2.324
831,14.22,3.26,293.169,380.981,56.786,-54.973,-18.084,8.335,271.454,465.898,65.444,106.653,0.54,3.29,0.546,4.329,0.104,3.789,0.053,2.325
832,14.006,3.685,293.169,380.981,56.786,-54.129,-17.369,8.332,271.467,466.017,61.89,100.373,0.54,3.288,0.516,4.33,0.089,3.789,0.053,2.326
833,14.32,3.764,292.717,377.749,54.961,-57.291,-17.595,7.973,270.562,466.155,65.57,101.357,0.526,3.265,0.551,4.347,0.088,3.785,0.053,2.326
834,14.17,4.011,292.725,384.171,54.998,-57.677,-17.856,8.2,271.895,469.076,63.64,101.682,0.525,3.32,0.529,4.352,0.106,3.817,0.053,2.326
835,13.345,3.495,294.02,380.934,53.299,-57.295,-18.032,8.242,271.026,462.839,63.693,104.134,0.506,3.279,0.531,4.308,0.053,3.772,0.052,2.326
836,14.143,3.711,294.02,380.934,53.299,-54.98,-17.676,8.155,271.467,466.017,61.89,101.352,0.508,3.278,0.515,4.331,0.056,3.783,0.052,2.326
837,14.048,3.8,293.592,371.444,54.995,-56.372,-17.644,8.33,271.467,466.017,61.89,103.127,0.523,3.201,0.515,4.33,0.072,3.743,0.052,2.325
838,14.09,3.545,294.464,377.744,55.088,-55.944,-17.818,7.837,271.931,462.702,60.013,102.758,0.523,3.246,0.496,4.293,0.055,3.749,0.052,2.324
839,14.18,3.47,293.148,374.634,53.206,-59.294,-17.9,8.115,271.467,466.017,61.89,102.127,0.509,3.234,0.514,4.331,0.073,3.761,0.051,2.323
840,14.122,4.058,294.012,374.513,53.262,-54.206,-17.641,8.104,271.454,465.898,65.444,100.657,0.508,3.222,0.548,4.33,0.071,3.754,0.051,2.322
841,14.073,3.444,293.592,371.444,54.995,-58.128,-17.846,8.197,271.49,459.524,61.817,105.238,0.524,3.202,0.513,4.269,0.072,3.715,0.051,2.32
842,13.864,3.171,293.592,371.444,54.995,-57.068,-17.734,8.147,271.026,462.839,63.693,103.788,0.523,3.203,0.532,4.308,0.07,3.733,0.05,2.319
843,13.824,3.499,293.592,371.444,54.995,-52.764,-17.773,7.939,271.062,456.466,60.066,100.292,0.523,3.202,0.498,4.248,0.055,3.704,0.05,2.317
844,14.081,3.386,293.615,365.186,58.517,-59.791,-18.083,7.983,271.062,456.466,60.066,100.252,0.554,3.148,0.497,4.248,0.07,3.676,0.049,2.314
845,14.134,3.539,293.14,368.213,53.169,-54.946,-17.864,8.299,270.157,456.603,63.747,100.958,0.509,3.178,0.534,4.263,0.054,3.698,0.049,2.312
846,14.192,3.184,293.164,361.955,56.691,-57.547,-17.902,7.978,270.621,453.288,61.87,102.31,0.539,3.125,0.515,4.225,0.071,3.653,0.048,2.309
847,14.268,3.096,293.594,358.84,54.936,-58.163,-17.628,8.119,270.611,447.245,61.809,104.224,0.524,3.094,0.516,4.168,0.054,3.609,0.048,2.306
848,13.962,3.176,294.025,355.725,53.182,-54.332,-17.412,8.071,271.075,443.93,59.932,99.247,0.507,3.062,0.498,4.13,0.038,3.575,0.047,2.303
849,14.115,3.12,294.025,355.725,53.182,-58.943,-17.999,7.841,271.075,443.93,59.932,97.739,0.507,3.062,0.496,4.131,0.038,3.575,0.047,2.299
850,13.857,3.098,294.897,362.025,53.274,-58.56,-17.404,7.896,271.075,443.93,59.932,99.949,0.506,3.108,0.498,4.131,0.021,3.598,0.046,2.295
851,14.002,3.1,294.469,352.535,54.97,-51.857,-17.541,7.76,271.075,443.93,59.932,99.199,0.522,3.03,0.498,4.131,0.037,3.558,0.045,2.29
852,14.673,3.154,294.889,355.603,53.237,-53.189,-17.984,7.444,271.075,443.93,59.932,98.06,0.508,3.052,0.496,4.132,0.021,3.57,0.045,2.286
853,13.562,3.197,294.469,352.535,54.97,-54.55,-17.99,7.442,270.647,440.871,58.182,98.053,0.52,3.03,0.48,4.11,0.019,3.547,0.044,2.281
854,13.832,3.24,294.469,352.535,54.97,-51.53,-17.733,7.13,270.647,440.871,58.182,99.156,0.521,3.03,0.481,4.111,0.02,3.548,0.043,2.275
855,13.917,3.112,294.913,349.345,56.759,-55.279,-17.622,7.634,270.634,440.752,61.736,99.572,0.536,2.998,0.515,4.109,0.035,3.53,0.042,2.27
856,13.773,3.136,294.039,355.65,56.725,-61.621,-17.35,8.023,270.647,440.871,58.182,102.064,0.537,3.062,0.483,4.108,0.037,3.563,0.041,2.264
857,13.867,3.177,294.469,352.535,54.97,-52.898,-17.22,7.621,270.647,440.871,58.182,98.548,0.521,3.03,0.483,4.11,0.021,3.547,0.039,2.258
858,13.961,3.056,294.889,355.603,53.237,-56.009,-17.531,7.673,270.206,437.693,59.986,100.664,0.506,3.053,0.5,4.086,0.004,3.547,0.038,2.252
859,14.164,3.629,294.469,352.535,54.97,-56.779,-17.72,7.441,270.647,440.871,58.182,96.646,0.522,3.029,0.481,4.11,0.021,3.547,0.037,2.245
860,14.077,3.042,294.459,358.718,54.992,-56.381,-17.459,7.175,270.647,440.871,58.182,95.978,0.522,3.084,0.482,4.111,0.021,3.576,0.036,2.239
861,14.047,3.193,294.469,352.535,54.97,-57.728,-17.59,7.537,270.647,440.871,58.182,102.758,0.522,3.03,0.482,4.11,0.021,3.547,0.035,2.233
862,14.516,3.131,294.889,355.603,53.237,-54.241,-17.765,7.534,270.206,437.693,59.986,97.733,0.508,3.052,0.499,4.087,0.004,3.547,0.033,2.226
863,14.049,3.786,294.889,355.603,53.237,-55.792,-17.551,7.492,270.647,440.871,58.182,96.338,0.506,3.05,0.482,4.11,0.004,3.557,0.032,2.22
864,14.049,3.143,294.459,358.718,54.992,-52.488,-17.987,8.208,270.647,440.871,58.182,102.022,0.522,3.084,0.48,4.108,0.02,3.574,0.031,2.214
865,14.141,3.41,294.921,355.767,56.796,-53.154,-17.54,8.07,270.611,447.245,61.809,101.038,0.537,3.053,0.516,4.168,0.036,3.586,0.029,2.207
866,14.498,3.591,294.466,365.14,55.029,-55.305,-17.805,7.582,271.075,443.93,59.932,104.152,0.524,3.137,0.497,4.132,0.038,3.614,0.028,2.201
867,13.819,3.237,294.445,358.793,51.449,-57.002,-17.452,7.847,270.611,447.245,61.809,100.711,0.491,3.084,0.516,4.169,0.021,3.604,0.026,2.195
868,13.874,3.373,294.889,355.603,53.237,-57.621,-17.401,7.931,271.075,443.93,59.932,98.117,0.505,3.052,0.498,4.131,0.021,3.568,0.025,2.189
869,14.029,2.846,294.015,361.908,53.203,-58.929,-17.279,7.933,270.193,450.229,60.12,95.639,0.507,3.117,0.502,4.203,0.022,3.637,0.024,2.184
870,14.261,3.42,294.445,358.793,51.449,-59.253,-17.588,7.802,271.48,453.481,61.756,95.677,0.492,3.084,0.514,4.214,0.039,3.626,0.023,2.178
871,14.253,3.011,294.897,362.025,53.274,-55.468,-17.544,7.847,271.48,453.481,61.756,99.971,0.507,3.108,0.514,4.214,0.038,3.638,0.021,2.173
872,14.183,3.437,294.022,368.329,53.24,-58.771,-17.506,8.023,271.062,456.466,60.066,100.34,0.508,3.17,0.499,4.248,0.039,3.687,0.02,2.168
873,14.033,3.362,294.466,365.14,55.029,-55.644,-17.582,7.84,270.621,453.288,61.87,100.293,0.522,3.138,0.516,4.226,0.037,3.659,0.019,2.164
874,14.043,3.498,294.022,368.329,53.24,-55.204,-17.689,7.931,270.598,459.781,61.943,99.568,0.508,3.17,0.517,4.287,0.038,3.705,0.018,2.159
875,14.078,3.568,293.14,368.213,53.169,-64.122,-17.819,8.2,271.49,459.524,61.817,101.326,0.509,3.178,0.513,4.269,0.073,3.703,0.017,2.155
876,14.363,3.363,293.14,368.213,53.169,-58.632,-17.641,8.195,270.598,459.781,61.943,102.035,0.51,3.179,0.517,4.286,0.056,3.71,0.016,2.152
877,13.724,3.535,293.148,374.634,53.206,-56.666,-17.605,8.419,271.026,462.839,63.693,99.903,0.508,3.234,0.533,4.307,0.071,3.749,0.016,2.149
878,14.327,3.327,293.148,374.634,53.206,-58.764,-17.643,8.373,271.467,466.017,61.89,99.924,0.51,3.235,0.515,4.33,0.073,3.761,0.015,2.146
879,13.9,3.894,293.148,374.634,53.206,-55.844,-17.642,8.066,271.467,466.017,61.89,98.82,0.508,3.233,0.515,4.331,0.072,3.761,0.014,2.144
880,13.848,3.381,293.148,374.634,53.206,-61.043,-17.641,8.065,271.467,466.017,61.89,100.942,0.508,3.235,0.515,4.331,0.072,3.762,0.014,2.142
881,14.086,3.879,293.148,374.634,53.206,-56.593,-17.549,8.874,271.467,466.017,61.89,103.89,0.509,3.233,0.515,4.328,0.073,3.759,0.014,2.14
882,13.999,3.443,293.148,374.634,53.206,-59.457,-17.557,8.38,271.003,469.333,63.766,99.921,0.509,3.234,0.534,4.368,0.072,3.779,0.013,2.139
883,13.921,3.581,293.148,374.634,53.206,-58.43,-17.864,8.465,271.026,462.839,63.693,97.387,0.508,3.234,0.532,4.307,0.071,3.749,0.013,2.138
884,14.459,3.596,293.568,377.702,51.473,-54.189,-17.776,8.061,271.467,466.017,61.89,101.317,0.494,3.256,0.514,4.331,0.057,3.772,0.013,2.138
885,13.905,3.477,293.568,377.702,51.473,-59.23,-17.867,8.288,271.026,462.839,63.693,101.664,0.493,3.256,0.532,4.307,0.055,3.761,0.013,2.138
886,14.362,3.831,293.148,374.634,53.206,-56.477,-18.043,8.109,271.895,469.076,63.64,103.814,0.51,3.233,0.529,4.353,0.089,3.772,0.013,2.138
887,14.32,3.256,293.599,377.866,55.032,-57.084,-17.813,8.461,271.931,462.702,60.013,104.88,0.525,3.258,0.496,4.291,0.073,3.755,0.013,2.138
888,14.361,3.732,294.02,380.934,53.299,-53.217,-17.912,7.978,272.359,465.76,61.763,100.268,0.509,3.278,0.511,4.315,0.073,3.777,0.013,2.138
889,14.32,3.235,294.433,377.581,51.529,-54.524,-17.682,7.704,271.895,469.076,63.64,107.772,0.493,3.246,0.53,4.354,0.056,3.778,0.014,2.139
890,14.224,3.396,293.568,377.702,51.473,-58.146,-17.56,8.059,271.895,469.076,63.64,104.583,0.494,3.256,0.531,4.353,0.073,3.784,0.014,2.14
891,14.088,3.306,294.02,380.934,53.299,-57.722,-17.81,8.013,271.895,469.076,63.64,100.61,0.508,3.28,0.53,4.353,0.072,3.795,0.014,2.141
892,14.313,3.765,294.44,384.002,51.566,-51.711,-17.461,8.282,271.026,462.839,63.693,105.613,0.493,3.3,0.533,4.307,0.039,3.783,0.014,2.142
893,14.171,3.849,294.02,380.934,53.299,-57.083,-17.941,8.155,271.477,472.06,61.951,103.474,0.508,3.278,0.514,4.387,0.056,3.81,0.014,2.143
894,14.185,4.21,294.02,380.934,53.299,-58.385,-17.787,8.332,271.049,469.002,60.2,103.466,0.509,3.277,0.499,4.365,0.039,3.798,0.015,2.145
895,13.999,4.035,293.575,384.124,51.51,-54.73,-18.077,8.325,271.013,475.376,63.827,105.906,0.493,3.31,0.532,4.425,0.055,3.845,0.015,2.147
896,14.028,3.791,293.145,387.239,53.265,-59.151,-17.384,7.965,271.013,475.376,63.827,103.162,0.509,3.342,0.535,4.426,0.073,3.863,0.015,2.149
897,13.696,3.57,293.145,387.239,53.265,-58.048,-17.73,8.016,271.013,475.376,63.827,102.788,0.508,3.343,0.533,4.426,0.072,3.863,0.015,2.151
898,13.88,4.076,293.145,387.239,53.265,-52.037,-17.419,8.098,271.013,475.376,63.827,101.683,0.509,3.341,0.535,4.426,0.073,3.862,0.015,2.154
899,13.856,3.653,293.565,390.307,51.532,-59.443,-17.865,8.415,271.013,475.376,63.827,108.414,0.493,3.365,0.533,4.425,0.056,3.873,0.016,2.156
900,14.18,3.579,293.145,387.239,53.265,-54.181,-17.509,8.241,271.013,475.376,63.827,102.109,0.51,3.343,0.534,4.425,0.073,3.863,0.016,2.159
901,13.766,3.419,292.701,390.428,51.476,-54.303,-17.69,8.333,271.013,475.376,63.827,103.506,0.494,3.376,0.534,4.425,0.073,3.88,0.016,2.162
902,14.443,3.742,293.986,393.375,49.799,-58.426,-17.873,8.192,271.013,475.376,63.827,104.48,0.479,3.386,0.533,4.425,0.04,3.885,0.017,2.166
903,14.087,3.764,294.448,390.424,51.603,-57.591,-17.737,8.109,271.013,475.376,63.827,102.785,0.493,3.355,0.533,4.426,0.039,3.868,0.017,2.169
904,14.081,3.611,293.565,390.307,51.532,-61.042,-18.089,7.794,271.013,475.376,63.827,105.939,0.494,3.365,0.532,4.427,0.056,3.875,0.017,2.173
905,14.002,3.675,294.017,393.539,53.358,-54.967,-18.044,8.02,271.477,472.06,61.951,104.52,0.508,3.387,0.514,4.387,0.055,3.867,0.017,2.176
906,14.446,3.67,294.017,393.539,53.358,-55.689,-17.43,7.755,271.477,472.06,61.951,102.441,0.51,3.387,0.516,4.388,0.057,3.868,0.017,2.18
907,14.102,3.675,294.017,393.539,53.358,-54.309,-17.828,7.839,271.013,475.376,63.827,106.989,0.509,3.387,0.533,4.427,0.055,3.886,0.018,2.184
908,13.735,3.23,294.448,390.424,51.603,-58.541,-17.73,7.657,271.013,475.376,63.827,100.646,0.492,3.357,0.533,4.427,0.038,3.87,0.018,2.188
909,14.272,3.578,294.017,393.539,53.358,-58.443,-17.732,8.151,271.013,475.376,63.827,103.826,0.509,3.388,0.533,4.426,0.056,3.885,0.018,2.192
910,13.809,3.292,293.565,390.307,51.532,-59.914,-17.381,8.006,270.585,472.317,62.077,104.147,0.493,3.366,0.519,4.404,0.04,3.864,0.018,2.196
911,14.53,3.759,293.996,387.192,49.777,-56.498,-17.778,8.064,271.013,475.376,63.827,101.367,0.479,3.332,0.533,4.426,0.04,3.857,0.018,2.199
912,13.871,4.174,293.996,387.192,49.777,-58.947,-17.294,8.38,270.144,469.139,63.881,100.664,0.477,3.331,0.537,4.38,0.023,3.833,0.018,2.203
913,14.408,3.611,294.892,387.234,53.392,-58.546,-17.646,8.11,271.049,469.002,60.2,100.663,0.509,3.323,0.5,4.365,0.023,3.822,0.018,2.207
914,14.714,3.797,294.44,384.002,51.566,-60.856,-17.88,8.101,270.585,472.317,62.077,98.085,0.495,3.3,0.517,4.404,0.023,3.829,0.018,2.211
915,14.255,3.831,294.892,387.234,53.392,-62.027,-17.549,8.021,270.608,465.824,62.004,100.588,0.508,3.322,0.518,4.343,0.022,3.811,0.017,2.214
916,14.302,3.48,294.892,387.234,53.392,-60.191,-17.562,8.159,271.049,469.002,60.2,98.866,0.508,3.324,0.5,4.365,0.023,3.822,0.017,2.217
917,14.343,3.829,294.892,387.234,53.392,-61.156,-17.693,8.157,270.608,465.824,62.004,97.764,0.508,3.322,0.517,4.343,0.022,3.811,0.017,2.221
918,14.303,3.933,295.336,384.044,55.18,-60.334,-18.137,8.604,271.049,469.002,60.2,103.42,0.523,3.29,0.498,4.364,0.021,3.804,0.016,2.224
919,13.901,4.021,294.871,380.887,49.811,-57.663,-17.733,8.509,270.144,469.139,63.881,100.226,0.476,3.267,0.536,4.38,0.004,3.799,0.016,2.226
920,14.053,3.922,294.44,384.002,51.566,-56.651,-17.837,8.5,270.144,469.139,63.881,98.725,0.492,3.299,0.535,4.38,0.021,3.816,0.015,2.229
921,14.137,3.487,294.884,380.813,53.355,-58.245,-17.747,8.463,269.716,466.081,62.13,97.676,0.507,3.268,0.52,4.358,0.004,3.789,0.015,2.231
922,13.736,3.665,294.44,384.002,51.566,-55.721,-17.656,7.876,270.144,469.139,63.881,98.088,0.491,3.3,0.536,4.382,0.021,3.818,0.014,2.234
923,13.7,3.574,294.44,384.002,51.566,-58.129,-17.962,8.192,270.608,465.824,62.004,100.165,0.491,3.301,0.516,4.342,0.021,3.799,0.013,2.236
924,13.81,3.797,293.988,380.771,49.74,-58.102,-17.784,8.335,269.275,462.903,63.934,99.854,0.477,3.277,0.538,4.336,0.004,3.783,0.013,2.238
925,14.361,3.691,294.884,380.813,53.355,-55.592,-17.834,8.241,270.18,462.766,60.254,98.055,0.508,3.268,0.501,4.32,0.005,3.771,0.012,2.24
926,14.183,3.753,294.894,374.629,53.333,-57.048,-18.055,8.474,269.739,459.588,62.057,103.035,0.507,3.214,0.518,4.297,0.003,3.731,0.011,2.242
927,14.41,3.276,294.894,374.629,53.333,-54.203,-17.424,7.889,270.17,456.723,60.193,98.49,0.508,3.216,0.502,4.265,0.005,3.717,0.01,2.243
928,14.424,3.482,295.339,371.44,55.122,-55.004,-17.468,7.757,270.193,450.229,60.12,96.325,0.523,3.183,0.501,4.204,0.004,3.671,0.01,2.244
929,14.362,3.679,295.339,371.44,55.122,-59.137,-17.869,7.577,270.193,450.229,60.12,99.415,0.523,3.182,0.5,4.205,0.003,3.671,0.009,2.245
930,14.155,3.126,295.317,365.093,51.541,-58.082,-17.514,7.848,270.193,450.229,60.12,97.371,0.491,3.13,0.501,4.204,-0.012,3.643,0.008,2.245
931,14.355,3.754,295.761,361.903,53.33,-59.141,-17.82,7.665,270.193,450.229,60.12,96.223,0.506,3.095,0.5,4.204,-0.013,3.625,0.007,2.245
932,14.091,3.414,295.761,361.903,53.33,-56.409,-17.725,8.108,270.611,447.245,61.809,97.717,0.505,3.097,0.515,4.168,0.003,3.609,0.006,2.244
933,13.594,3.277,295.761,361.903,53.33,-54.277,-17.721,7.983,271.075,443.93,59.932,96.639,0.504,3.097,0.497,4.131,0.003,3.591,0.005,2.243
934,14.174,3.296,296.213,365.135,55.156,-52.411,-17.687,7.752,270.183,444.187,60.059,100.932,0.521,3.12,0.5,4.147,-0.015,3.61,0.003,2.241
935,13.949,3.402,295.761,361.903,53.33,-56.7,-17.454,7.749,270.183,444.187,60.059,97.74,0.505,3.097,0.501,4.147,-0.014,3.598,0.002,2.24
936,14.341,3.618,295.761,361.903,53.33,-58.217,-17.54,7.538,270.206,437.693,59.986,99.539,0.506,3.096,0.5,4.087,-0.013,3.569,0.001,2.237
937,13.816,2.963,296.206,358.714,55.119,-61.302,-17.543,7.492,270.206,437.693,59.986,102.038,0.519,3.066,0.5,4.087,-0.015,3.553,0,2.235
938,14.217,3.594,295.772,355.72,53.308,-57.532,-17.725,7.577,270.206,437.693,59.986,99.832,0.506,3.043,0.499,4.087,-0.014,3.541,-0.001,2.232
939,14.306,2.932,296.216,352.53,55.097,-57.85,-17.535,7.761,270.206,437.693,59.986,97.051,0.521,3.013,0.5,4.086,-0.014,3.525,-0.003,2.229
940,14.377,3.187,295.764,349.299,53.272,-54.484,-17.282,7.661,270.206,437.693,59.986,99.182,0.506,2.989,0.501,4.086,-0.013,3.513,-0.004,2.225
941,13.723,3.277,295.334,352.414,55.026,-53.998,-17.946,7.354,269.765,434.515,61.789,101.933,0.52,3.02,0.516,4.064,0.001,3.518,-0.005,2.221
942,13.909,3.196,295.764,349.299,53.272,-55.268,-17.67,7.445,269.337,431.457,60.039,101.94,0.504,2.989,0.501,4.042,-0.032,3.491,-0.006,2.217
943,13.937,2.921,295.764,349.299,53.272,-53.618,-17.451,7.452,269.778,434.635,58.235,96.059,0.504,2.99,0.484,4.065,-0.03,3.503,-0.008,2.212
944,14.081,3.365,295.764,349.299,53.272,-60.938,-17.317,7.396,269.778,434.635,58.235,100.945,0.505,2.988,0.485,4.065,-0.03,3.502,-0.009,2.207
945,13.79,3.17,295.764,349.299,53.272,-52.406,-17.135,7.496,269.337,431.457,60.039,102.463,0.504,2.989,0.503,4.041,-0.031,3.491,-0.01,2.202
946,14.036,3.304,296.208,346.109,55.06,-51.366,-17.768,7.265,269.801,428.142,58.162,99.131,0.519,2.957,0.482,4.004,-0.032,3.456,-0.012,2.196
947,14.128,3.121,296.208,346.109,55.06,-54.883,-17.527,7.404,270.219,425.157,59.852,99.893,0.52,2.957,0.498,3.969,-0.015,3.44,-0.013,2.191
948,14.041,2.641,296.639,342.994,53.306,-54.506,-17.706,7.317,270.219,425.157,59.852,99.934,0.504,2.928,0.498,3.97,-0.032,3.425,-0.015,2.185
949,14.222,2.771,296.639,342.994,53.306,-55.765,-17.446,7.179,270.66,428.335,58.048,98.814,0.504,2.928,0.481,3.993,-0.03,3.436,-0.016,2.179
950,13.848,2.644,296.639,342.994,53.306,-56.462,-17.448,7.267,269.801,428.142,58.162,95.271,0.503,2.928,0.484,4.004,-0.048,3.441,-0.017,2.172
951,13.976,2.771,296.639,342.994,53.306,-51.772,-17.306,6.994,269.801,428.142,58.162,96.325,0.503,2.928,0.484,4.005,-0.047,3.441,-0.019,2.166
952,14.123,2.409,296.218,339.926,55.038,-50.88,-17.662,7.273,269.801,428.142,58.162,98.469,0.519,2.907,0.483,4.004,-0.032,3.43,-0.02,2.159
953,14.202,2.664,296.663,336.736,56.827,-57.108,-17.534,7.002,269.791,422.099,58.101,95.225,0.534,2.874,0.483,3.948,-0.033,3.386,-0.022,2.152
954,14.088,2.59,296.639,342.994,53.306,-53.919,-17.004,7.356,269.801,428.142,58.162,97.476,0.504,2.928,0.485,4.004,-0.047,3.44,-0.023,2.145
955,13.949,2.54,296.218,339.926,55.038,-56.048,-17.354,7.049,269.801,428.142,58.162,101.326,0.519,2.906,0.484,4.005,-0.031,3.43,-0.025,2.138
956,13.683,2.401,295.767,336.694,53.213,-53.562,-17.357,7.368,269.791,422.099,58.101,102.434,0.503,2.883,0.483,3.947,-0.031,3.391,-0.026,2.131
957,14.168,3.034,297.083,339.804,55.094,-51.928,-17.5,7.181,269.373,425.083,56.412,99.849,0.519,2.895,0.468,3.982,-0.065,3.412,-0.028,2.123
958,14.348,2.652,296.639,342.994,53.306,-51.968,-17.724,6.962,270.219,425.157,59.852,97.713,0.505,2.928,0.498,3.971,-0.031,3.425,-0.029,2.116
959,14.312,2.839,296.639,342.994,53.306,-57.181,-17.319,7.173,268.468,425.221,60.093,94.888,0.505,2.927,0.505,3.997,-0.065,3.435,-0.031,2.109
960,13.995,2.753,296.639,342.994,53.306,-53.916,-17.317,7.452,269.373,425.083,56.412,97.008,0.503,2.928,0.468,3.981,-0.064,3.429,-0.032,2.102
961,14.291,2.936,296.639,342.994,53.306,-54.292,-17.506,7.532,269.337,431.457,60.039,95.548,0.504,2.927,0.502,4.041,-0.048,3.457,-0.034,2.095
962,14.177,3.053,295.743,342.952,49.691,-54.983,-16.862,7.265,269.801,428.142,58.162,93.567,0.475,2.935,0.486,4.004,-0.044,3.445,-0.036,2.088
963,14.088,2.584,296.195,346.184,51.517,-54.676,-17.556,7.659,269.337,431.457,60.039,93.4,0.489,2.96,0.502,4.041,-0.048,3.475,-0.037,2.081
964,14.042,2.701,296.615,349.252,49.784,-54.744,-17.27,7.678,268.445,431.714,60.165,99.924,0.473,2.982,0.506,4.057,-0.081,3.492,-0.039,2.074
965,13.732,2.899,296.195,346.184,51.517,-51.485,-17.458,7.314,269.337,431.457,60.039,96.292,0.488,2.959,0.502,4.042,-0.048,3.475,-0.04,2.068
966,14.081,2.62,296.184,352.367,51.539,-55.092,-17.414,7.449,269.337,431.457,60.039,96.359,0.489,3.013,0.502,4.041,-0.047,3.503,-0.042,2.062
967,13.817,2.57,296.216,352.53,55.097,-56.723,-17.668,7.491,270.206,437.693,59.986,97.391,0.519,3.014,0.499,4.087,-0.015,3.526,-0.043,2.056
968,14.122,3.238,296.636,355.599,53.364,-55.892,-17.459,7.535,269.742,441.009,61.862,100.244,0.504,3.034,0.518,4.125,-0.032,3.554,-0.045,2.05
969,13.972,2.751,295.74,355.557,49.75,-57.463,-17.55,7.355,269.742,441.009,61.862,93.078,0.474,3.044,0.518,4.126,-0.03,3.56,-0.046,2.045
970,14.178,2.876,295.764,349.299,53.272,-57.791,-17.587,7.485,269.742,441.009,61.862,96.67,0.505,2.99,0.518,4.125,-0.015,3.532,-0.048,2.04
971,14.255,3.116,296.192,358.788,51.576,-52.598,-17.652,7.485,269.324,443.993,60.173,96.971,0.49,3.066,0.503,4.16,-0.047,3.587,-0.049,2.036
972,14.115,2.652,296.192,358.788,51.576,-57.258,-17.548,7.621,269.324,443.993,60.173,97.404,0.49,3.068,0.503,4.159,-0.047,3.588,-0.05,2.032
973,14.385,3.151,296.612,361.857,49.843,-58.805,-17.598,7.492,269.324,443.993,60.173,97.368,0.475,3.088,0.503,4.16,-0.063,3.598,-0.051,2.028
974,14.003,2.624,296.168,365.046,48.054,-54.285,-17.949,8.064,269.752,447.052,61.923,97.666,0.459,3.122,0.517,4.18,-0.047,3.626,-0.052,2.025
975,14.432,2.646,296.182,364.972,51.597,-57.568,-17.499,8.028,269.752,447.052,61.923,95.282,0.491,3.121,0.519,4.18,-0.03,3.626,-0.053,2.022
976,14.324,3.112,295.738,368.161,49.809,-56.994,-17.591,7.662,269.752,447.052,61.923,102.362,0.476,3.152,0.519,4.181,-0.029,3.643,-0.054,2.02
977,14.26,3.131,296.189,371.393,51.634,-57.291,-17.55,7.891,270.193,450.229,60.12,102.378,0.491,3.174,0.501,4.204,-0.029,3.665,-0.056,2.018
978,14.179,3.132,296.189,371.393,51.634,-57.272,-17.376,7.801,270.621,453.288,61.87,96.727,0.49,3.174,0.517,4.226,-0.012,3.676,-0.056,2.017
979,13.643,2.929,296.189,371.393,51.634,-55.247,-17.555,7.924,271.062,456.466,60.066,97.707,0.489,3.175,0.499,4.248,-0.013,3.688,-0.057,2.016
980,14.406,3.227,296.179,377.576,51.656,-58.206,-17.865,7.661,270.598,459.781,61.943,102.336,0.491,3.227,0.516,4.288,-0.013,3.734,-0.058,2.015
981,14.478,3.536,295.315,377.698,51.6,-56.365,-17.865,8.019,271.026,462.839,63.693,100.231,0.493,3.237,0.532,4.308,0.021,3.75,-0.059,2.015
982,14.397,3.163,295.315,377.698,51.6,-55.836,-17.777,7.931,270.598,459.781,61.943,102.414,0.492,3.238,0.516,4.287,0.005,3.739,-0.059,2.015
983,14.415,3.283,296.187,383.998,51.693,-61.435,-17.604,8.458,270.608,465.824,62.004,106.643,0.492,3.282,0.518,4.341,-0.012,3.788,-0.059,2.016
984,14.115,3.179,295.336,384.044,55.18,-57.818,-17.538,7.93,271.026,462.839,63.693,104.907,0.522,3.292,0.533,4.309,0.037,3.779,-0.06,2.018
985,13.833,3.178,294.892,387.234,53.392,-55.946,-17.426,8.066,270.99,469.213,67.321,102.118,0.507,3.325,0.567,4.368,0.053,3.825,-0.06,2.02
986,14.218,3.66,294.86,387.071,49.833,-58.911,-17.779,8.149,270.571,472.198,65.631,104.915,0.477,3.322,0.551,4.403,0.022,3.839,-0.06,2.022
987,14.345,3.435,294.44,384.002,51.566,-61.107,-17.51,8.196,270.99,469.213,67.321,102.439,0.493,3.301,0.567,4.368,0.055,3.812,-0.06,2.025
988,13.964,3.397,295.312,390.302,51.659,-58.088,-17.788,8.283,271.431,472.391,65.517,99.497,0.491,3.346,0.548,4.39,0.037,3.846,-0.059,2.028
989,14.354,3.355,294.437,396.607,51.625,-60.927,-17.554,8.326,271.013,475.376,63.827,108.138,0.494,3.41,0.534,4.425,0.04,3.896,-0.059,2.032
990,14.212,3.487,294.86,387.071,49.833,-58.181,-17.549,8.416,271.013,475.376,63.827,99.549,0.477,3.323,0.534,4.425,0.023,3.85,-0.058,2.036
991,14.494,3.432,294.892,387.234,53.392,-60.768,-18.226,8.417,271.859,475.449,67.267,104.84,0.509,3.324,0.562,4.412,0.07,3.846,-0.057,2.041
992,14.222,3.63,294.448,390.424,51.603,-56.31,-17.918,8.452,272.3,478.627,65.463,97.029,0.493,3.356,0.545,4.434,0.072,3.874,-0.056,2.046
993,13.982,3.298,294.437,396.607,51.625,-57.751,-17.963,8.412,271.882,481.612,63.774,103.447,0.493,3.41,0.53,4.469,0.056,3.918,-0.055,2.051
994,14.133,3.617,294.437,396.607,51.625,-57.733,-18.267,8.147,272.728,481.686,67.214,106.639,0.493,3.409,0.56,4.457,0.088,3.913,-0.054,2.057
995,14.312,3.577,294.007,399.722,53.379,-60.128,-17.74,7.879,272.309,484.67,65.524,102.408,0.51,3.441,0.547,4.492,0.09,3.947,-0.053,2.063
996,14.087,3.708,293.993,399.797,49.836,-55.412,-17.862,8.236,272.264,485.001,69.09,104.213,0.478,3.442,0.58,4.495,0.088,3.948,-0.051,2.069
997,14.365,3.409,293.993,399.797,49.836,-54.956,-17.923,8.193,271.846,487.985,67.401,102.034,0.479,3.443,0.564,4.53,0.073,3.965,-0.049,2.076
998,13.831,3.385,293.563,402.912,51.591,-59.864,-17.734,8.151,271.846,487.985,67.401,103.851,0.493,3.475,0.565,4.53,0.089,3.982,-0.048,2.083
999,14.005,3.618,293.119,406.101,49.802,-55.255,-17.694,8.51,271.846,487.985,67.401,104.217,0.479,3.507,0.565,4.529,0.09,3.998,-0.046,2.09
1000,14.052,3.385,293.563,402.912,51.591,-59.582,-17.837,8.415,272.714,494.222,67.348,102.387,0.494,3.475,0.562,4.573,0.106,4.003,-0.044,2.098
1001,14.21,3.208,293.119,406.101,49.802,-57.47,-18.042,8.594,272.714,494.222,67.348,107.02,0.48,3.508,0.562,4.572,0.107,4.021,-0.042,2.106
1002,14,3.521,293.563,402.912,51.591,-58.163,-17.953,8.276,272.714,494.222,67.348,108.832,0.494,3.474,0.562,4.573,0.106,4.003,-0.04,2.114
1003,13.781,3.792,293.119,406.101,49.802,-56.278,-18.501,8.24,272.714,494.222,67.348,106.964,0.478,3.506,0.56,4.573,0.106,4.02,-0.037,2.122
1004,14.086,3.79,293.563,402.912,51.591,-60.901,-17.74,8.148,272.714,494.222,67.348,100.264,0.494,3.473,0.563,4.573,0.106,4.003,-0.035,2.131
1005,13.868,3.601,293.563,402.912,51.591,-56.485,-17.56,8.826,272.714,494.222,67.348,102.124,0.493,3.474,0.564,4.571,0.106,4.002,-0.033,2.14
1006,14.384,3.901,293.57,409.333,51.628,-57.952,-18.044,8.368,272.737,487.728,67.275,99.565,0.496,3.528,0.561,4.512,0.107,4.002,-0.03,2.148
1007,14.26,3.609,293.549,402.986,48.047,-56.905,-18.012,8.145,272.287,491.163,65.597,102.405,0.464,3.475,0.546,4.552,0.074,3.993,-0.027,2.157
1008,14.407,3.942,293.563,402.912,51.591,-58.692,-18.103,8.51,272.273,491.044,69.151,102.416,0.495,3.473,0.579,4.55,0.106,3.991,-0.025,2.166
1009,14,3.654,293.993,399.797,49.836,-56.395,-17.959,8.197,272.287,491.163,65.597,105.278,0.478,3.442,0.547,4.552,0.073,3.976,-0.022,2.175
1010,14.044,3.442,293.563,402.912,51.591,-56.391,-18.173,8.421,273.155,484.744,68.964,110.264,0.494,3.474,0.575,4.477,0.122,3.958,-0.02,2.183
1011,14.097,3.605,293.993,399.797,49.836,-55.242,-18.146,8.055,273.597,487.922,67.16,102.011,0.478,3.442,0.558,4.501,0.106,3.952,-0.018,2.192
1012,14.224,3.57,293.993,399.797,49.836,-58.727,-18.408,8.189,272.264,485.001,69.09,105.2,0.479,3.442,0.578,4.495,0.088,3.948,-0.015,2.2
1013,14.124,3.496,293.993,399.797,49.836,-59.59,-17.949,8.639,272.728,481.686,67.214,110.285,0.478,3.442,0.561,4.455,0.089,3.929,-0.013,2.208
1014,14.147,3.756,293.542,396.565,48.01,-55.927,-17.868,8.506,272.728,481.686,67.214,107.06,0.463,3.419,0.561,4.455,0.09,3.918,-0.01,2.216
1015,13.871,3.658,294.437,396.607,51.625,-57.309,-17.736,8.193,272.3,478.627,65.463,102.062,0.492,3.409,0.546,4.435,0.072,3.902,-0.008,2.223
1016,13.907,3.744,294.437,396.607,51.625,-57.089,-18.001,8.601,272.286,478.508,69.017,105.262,0.492,3.409,0.578,4.432,0.087,3.901,-0.005,2.231
1017,14.274,3.305,293.565,390.307,51.532,-54.2,-18.057,8.248,272.286,478.508,69.017,100.615,0.494,3.366,0.578,4.434,0.105,3.88,-0.003,2.237
1018,14.175,3.31,294.868,393.492,49.87,-59.132,-17.92,8.337,272.764,475.312,63.587,98.125,0.477,3.378,0.527,4.396,0.056,3.867,-0.001,2.244
1019,14.06,3.954,294.44,384.002,51.566,-59.347,-17.918,8.022,271.431,472.391,65.517,98.499,0.492,3.299,0.548,4.391,0.054,3.823,0.001,2.25
1020,14.132,3.275,294.448,390.424,51.603,-58.375,-18.096,8.283,271.895,469.076,63.64,99.114,0.493,3.357,0.529,4.352,0.055,3.835,0.003,2.256
1021,14.744,3.613,295.322,384.119,51.637,-55.739,-17.724,8.115,272.313,466.091,65.329,101.386,0.494,3.292,0.545,4.318,0.055,3.784,0.005,2.261
1022,14.127,3.445,295.291,383.956,48.079,-58.588,-17.551,8.118,272.349,459.717,61.702,102.117,0.461,3.291,0.512,4.258,0.023,3.755,0.006,2.266
1023,14.397,3.53,295.315,377.698,51.6,-60.022,-17.763,7.585,271.908,456.539,63.506,101.75,0.492,3.237,0.529,4.237,0.038,3.716,0.008,2.27
1024,14.217,3.099,295.759,374.508,53.389,-54.336,-17.819,8.158,271.908,456.539,63.506,100.915,0.506,3.206,0.528,4.235,0.037,3.699,0.009,2.273
1025,14.132,3.242,295.317,365.093,51.541,-61.692,-17.688,7.612,271.908,456.539,63.506,99.175,0.491,3.129,0.529,4.237,0.037,3.66,0.01,2.276
1026,14.215,3.278,295.738,368.161,49.809,-56.256,-17.852,7.934,271.503,446.988,61.683,101.668,0.476,3.151,0.512,4.153,0.005,3.63,0.011,2.278
1027,14.043,3.233,295.761,361.903,53.33,-58.052,-17.679,7.979,271.503,446.988,61.683,99.885,0.505,3.097,0.513,4.153,0.02,3.602,0.012,2.279
1028,13.824,3.875,296.192,358.788,51.576,-56.331,-18.031,8.162,270.634,440.752,61.736,100.578,0.489,3.064,0.513,4.107,-0.015,3.562,0.013,2.28
1029,14.218,3.063,294.889,355.603,53.237,-51.215,-17.718,7.805,270.206,437.693,59.986,101.637,0.507,3.053,0.499,4.086,0.004,3.547,0.013,2.28
1030,14.212,2.956,295.334,352.414,55.026,-59.621,-17.763,7.803,270.67,434.378,58.109,96.997,0.521,3.021,0.48,4.048,0.004,3.512,0.014,2.279
1031,13.856,2.839,295.312,346.067,51.446,-55.747,-17.491,7.495,270.242,431.32,56.359,92.427,0.489,2.967,0.466,4.027,-0.029,3.473,0.014,2.278
1032,14.306,3.001,295.344,346.23,55.004,-54.394,-17.173,7.54,270.683,421.842,57.975,100.308,0.521,2.968,0.481,3.931,0.004,3.428,0.014,2.275
1033,13.852,2.646,296.639,342.994,53.306,-53.843,-17.173,7.407,270.255,418.784,56.225,97.072,0.503,2.928,0.466,3.909,-0.047,3.396,0.013,2.272
1034,13.847,2.443,297.091,346.226,55.131,-54.766,-17.441,7.189,269.814,415.606,58.028,100.968,0.518,2.952,0.482,3.886,-0.049,3.397,0.013,2.268
1035,14.128,2.54,297.535,343.036,56.92,-58.79,-17.524,6.914,271.137,412.484,56.037,96.667,0.533,2.92,0.461,3.839,-0.032,3.358,0.012,2.263
1036,14.023,3.004,297.965,339.921,55.165,-58.594,-17.032,7.142,271.16,405.99,55.964,96.743,0.517,2.888,0.462,3.777,-0.047,3.311,0.011,2.257
1037,14.119,2.843,298.409,336.731,56.954,-55.755,-17.538,7.455,270.696,409.306,57.841,97.393,0.532,2.857,0.479,3.813,-0.05,3.312,0.01,2.251
1038,14.289,3.017,298.83,339.8,55.221,-50.967,-17.123,7.364,271.151,399.947,55.903,96.331,0.517,2.878,0.461,3.72,-0.065,3.278,0.009,2.244
1039,14.422,2.663,298.83,339.8,55.221,-56.186,-17.517,7.506,270.291,399.754,56.018,94.194,0.517,2.879,0.462,3.729,-0.082,3.283,0.008,2.236
1040,14.293,2.711,298.409,336.731,56.954,-54.712,-17.254,7.32,269.863,396.696,54.267,96.35,0.532,2.857,0.447,3.707,-0.082,3.261,0.006,2.227
1041,14,2.722,298.409,336.731,56.954,-54.342,-17.028,7.28,269.422,393.518,56.071,92.038,0.532,2.857,0.466,3.683,-0.083,3.249,0.004,2.218
1042,13.935,2.803,298.388,330.385,53.374,-57.51,-17.208,7.24,269.863,396.696,54.267,89.675,0.501,2.803,0.448,3.707,-0.098,3.232,0.002,2.208
1043,14.38,2.749,297.958,333.5,55.128,-52.917,-17.067,7.287,268.994,390.459,54.321,93.891,0.518,2.834,0.45,3.66,-0.098,3.226,0,2.198
1044,14.245,3.193,298.388,330.385,53.374,-56.809,-17.35,7.016,268.994,390.459,54.321,92.419,0.502,2.802,0.449,3.661,-0.115,3.209,-0.002,2.187
1045,14.301,3.03,298.388,330.385,53.374,-53.603,-17.12,6.875,268.103,390.717,54.447,94.562,0.502,2.802,0.453,3.676,-0.132,3.216,-0.005,2.176
1046,14.152,3.161,298.412,324.127,56.895,-53.54,-17.392,6.698,268.125,384.223,54.374,94.483,0.532,2.748,0.451,3.615,-0.118,3.159,-0.007,2.165
1047,14.137,3.274,298.412,324.127,56.895,-52.512,-17.026,7.233,268.567,387.401,52.57,89.616,0.531,2.748,0.434,3.637,-0.116,3.169,-0.01,2.153
1048,14.161,2.624,298.404,317.705,56.858,-53.645,-17.027,7.149,268.567,387.401,52.57,95.285,0.531,2.696,0.434,3.638,-0.116,3.142,-0.013,2.141
1049,14.172,3.003,298.404,317.705,56.858,-52.12,-17.026,7.068,269.449,381.101,52.383,96.057,0.531,2.694,0.431,3.567,-0.099,3.108,-0.016,2.128
1050,13.799,2.925,299.287,317.822,56.929,-56.18,-17.417,7.341,269.913,377.786,50.506,95.618,0.529,2.688,0.411,3.528,-0.117,3.086,-0.02,2.115
1051,13.938,2.545,298.835,314.59,55.104,-51.958,-16.657,7.377,269.021,378.043,50.633,93.608,0.515,2.665,0.417,3.542,-0.132,3.081,-0.023,2.102
1052,14.295,2.816,298.428,311.447,60.38,-51.859,-16.753,7.203,268.58,374.865,52.436,92.864,0.562,2.641,0.434,3.519,-0.1,3.057,-0.026,2.088
1053,14.251,2.463,298.407,305.101,56.8,-52.391,-17.142,6.791,269.044,371.55,50.56,91.43,0.531,2.589,0.414,3.483,-0.116,3.013,-0.029,2.074
1054,14.128,2.279,297.535,298.801,56.707,-56.914,-17.242,6.704,269.448,368.445,55.803,94.911,0.531,2.543,0.463,3.449,-0.067,2.973,-0.033,2.059
1055,14.042,2.502,297.965,295.686,54.952,-49.516,-17.066,6.613,269.462,368.565,52.249,94.226,0.515,2.512,0.43,3.45,-0.099,2.957,-0.036,2.045
1056,13.987,2.034,298.386,298.754,53.219,-52.19,-17.185,6.31,270.772,365.324,53.812,94.267,0.5,2.536,0.442,3.404,-0.082,2.949,-0.039,2.03
1057,14.289,2.427,299.282,298.796,56.834,-46.622,-17.243,7.02,269.462,368.565,52.249,90.25,0.53,2.528,0.429,3.448,-0.117,2.964,-0.042,2.014
1058,13.967,2.182,298.41,292.496,56.741,-53.809,-16.969,6.754,271.213,368.502,52.008,91.827,0.53,2.482,0.425,3.426,-0.066,2.932,-0.045,1.998
1059,13.902,2.204,297.979,295.611,58.496,-47.247,-17.236,6.577,271.213,368.502,52.008,91.027,0.545,2.512,0.424,3.427,-0.05,2.948,-0.048,1.983
1060,14.338,2.025,299.282,298.796,56.834,-50.238,-17.054,6.484,271.213,368.502,52.008,92.478,0.53,2.529,0.425,3.427,-0.082,2.956,-0.051,1.967
1061,14.33,1.939,298.838,301.986,55.045,-52.358,-17.023,6.076,271.177,374.875,55.635,96.05,0.516,2.56,0.459,3.489,-0.066,3.002,-0.054,1.951
1062,14.192,2.184,298.407,305.101,56.8,-49.22,-17.106,6.528,271.2,381.038,52.142,96.745,0.531,2.59,0.426,3.545,-0.065,3.044,-0.057,1.935
1063,14.101,2.537,299.258,305.054,53.312,-56.122,-17.149,6.482,271.2,381.038,52.142,93.163,0.499,2.581,0.426,3.545,-0.098,3.039,-0.059,1.919
1064,14.194,2.029,299.279,311.401,56.892,-49.812,-17.689,6.705,271.605,390.589,53.965,92.037,0.53,2.636,0.44,3.628,-0.067,3.108,-0.062,1.904
1065,13.788,1.836,298.383,311.359,53.278,-50.143,-17.202,6.703,271.592,390.47,57.52,98.163,0.5,2.644,0.475,3.627,-0.049,3.113,-0.064,1.889
1066,14.46,2.415,297.96,320.895,55.07,-50.882,-17.561,7.5,271.187,393.574,52.276,97.375,0.518,2.727,0.426,3.659,-0.064,3.171,-0.066,1.875
1067,14.109,2.526,297.96,320.895,55.07,-54.148,-17.423,6.918,271.151,399.947,55.903,98.837,0.517,2.727,0.46,3.721,-0.049,3.201,-0.068,1.861
1068,13.98,2.349,297.086,327.2,55.036,-53.028,-17.253,7.413,272.02,406.184,55.85,92.869,0.517,2.79,0.459,3.766,-0.014,3.256,-0.07,1.848
1069,14.044,2.721,296.221,327.321,54.98,-55.293,-17.482,6.694,271.137,412.484,56.037,94.612,0.519,2.798,0.461,3.84,-0.014,3.296,-0.072,1.836
1070,14.29,2.664,296.639,342.994,53.306,-55.127,-17.164,7.268,270.674,415.799,57.914,98.173,0.504,2.928,0.481,3.875,-0.03,3.38,-0.074,1.824
1071,14.09,2.908,296.639,342.994,53.306,-56.196,-17.578,7.32,271.124,425.02,56.171,97.465,0.504,2.927,0.462,3.955,-0.03,3.418,-0.075,1.814
1072,14.173,2.88,296.639,342.994,53.306,-55.075,-17.477,7.543,271.111,424.9,59.725,100.688,0.504,2.927,0.496,3.953,-0.014,3.417,-0.076,1.805
1073,14.483,2.672,296.195,346.184,51.517,-53.036,-17.575,7.576,271.088,431.393,59.798,102.425,0.49,2.96,0.496,4.014,-0.013,3.464,-0.077,1.797
1074,13.801,2.872,296.636,355.599,53.364,-61.395,-17.405,7.405,271.088,431.393,59.798,99.631,0.503,3.035,0.497,4.015,-0.014,3.503,-0.078,1.79
1075,13.813,2.892,296.646,349.415,53.342,-54.282,-17.313,7.181,271.516,434.452,61.549,99.284,0.503,2.982,0.513,4.038,0.002,3.487,-0.079,1.784
1076,14.245,2.735,296.192,358.788,51.576,-58.257,-17.571,7.627,271.957,437.63,59.745,104.948,0.49,3.068,0.494,4.06,0.004,3.542,-0.079,1.779
1077,14.071,2.709,296.612,361.857,49.843,-58.36,-17.625,7.355,272.362,447.181,61.568,97.465,0.474,3.09,0.51,4.144,0.004,3.594,-0.079,1.775
1078,14.175,3.043,295.761,361.903,53.33,-54.281,-16.866,7.531,272.79,450.24,63.319,97.946,0.506,3.098,0.528,4.165,0.055,3.61,-0.08,1.772
1079,14.077,2.864,296.189,371.393,51.634,-57.187,-17.586,7.709,271.931,450.046,63.433,102.789,0.49,3.175,0.528,4.176,0.02,3.654,-0.08,1.77
1080,13.769,3.094,295.738,368.161,49.809,-59.322,-17.489,7.933,271.908,456.539,63.506,101.79,0.474,3.152,0.53,4.236,0.021,3.671,-0.079,1.77
1081,13.776,2.659,296.189,371.393,51.634,-53.578,-18.131,7.576,272.336,459.598,65.256,105.938,0.489,3.176,0.543,4.259,0.035,3.695,-0.079,1.77
1082,13.913,3.19,296.189,371.393,51.634,-57.472,-17.891,7.492,271.908,456.539,63.506,98.506,0.49,3.174,0.528,4.237,0.019,3.683,-0.078,1.771
1083,13.707,3.052,295.759,374.508,53.389,-57.073,-17.719,7.393,272.336,459.598,65.256,97.732,0.505,3.206,0.544,4.26,0.052,3.711,-0.078,1.774
1084,14.196,3.097,295.745,374.583,49.845,-57.069,-17.728,7.572,271.908,456.539,63.506,104.154,0.476,3.207,0.529,4.237,0.021,3.7,-0.077,1.777
1085,14.398,3.311,295.766,380.929,53.426,-55.38,-17.364,7.761,271.908,456.539,63.506,100.735,0.507,3.26,0.53,4.236,0.038,3.728,-0.076,1.781
1086,14.199,2.956,295.766,380.929,53.426,-53.866,-18.029,8.029,271.908,456.539,63.506,101.002,0.507,3.261,0.528,4.235,0.036,3.728,-0.075,1.785
1087,13.964,3.464,295.756,387.113,53.448,-56.365,-17.501,7.839,272.336,459.598,65.256,103.885,0.506,3.313,0.545,4.258,0.054,3.766,-0.073,1.79
1088,14.262,3.312,296.187,383.998,51.693,-59.259,-17.321,8.058,271.885,463.033,63.579,104.248,0.491,3.282,0.531,4.296,0.021,3.767,-0.072,1.796
1089,14.078,3.441,296.187,383.998,51.693,-58.195,-17.416,8.239,271.454,465.898,65.444,99.942,0.491,3.281,0.549,4.329,0.02,3.783,-0.071,1.803
1090,14.539,3.193,296.187,383.998,51.693,-58.803,-17.861,7.929,272.313,466.091,65.329,105.237,0.492,3.282,0.544,4.319,0.037,3.779,-0.069,1.81
1091,14.038,3.228,296.639,387.229,53.519,-58.761,-17.406,8.108,272.313,466.091,65.329,105.329,0.505,3.305,0.546,4.318,0.036,3.79,-0.068,1.818
1092,13.953,3.143,296.639,387.229,53.519,-57.494,-17.86,8.289,273.205,465.834,65.203,103.853,0.505,3.305,0.541,4.301,0.053,3.783,-0.066,1.826
1093,14.294,3.181,297.513,380.925,53.553,-56.583,-17.499,7.789,272.777,462.776,63.453,101.401,0.505,3.241,0.527,4.281,0.02,3.739,-0.065,1.834
1094,13.804,3.714,297.083,384.04,55.307,-55.383,-17.859,7.937,272.777,462.776,63.453,101.738,0.519,3.271,0.526,4.28,0.035,3.754,-0.063,1.843
1095,13.917,3.244,296.662,380.971,57.04,-54.213,-17.679,7.844,272.336,459.598,65.256,102.484,0.535,3.251,0.544,4.258,0.051,3.733,-0.062,1.852
1096,14.075,3.37,296.218,384.161,55.251,-58.158,-17.809,7.838,271.908,456.539,63.506,101.363,0.521,3.283,0.528,4.236,0.035,3.739,-0.06,1.861
1097,13.984,3.13,296.187,383.998,51.693,-65.511,-17.547,7.707,271.908,456.539,63.506,101.737,0.49,3.283,0.529,4.237,0.021,3.739,-0.058,1.87
1098,14.156,3.133,296.211,377.74,55.214,-57.181,-17.723,8.023,271.908,456.539,63.506,99.205,0.521,3.229,0.529,4.236,0.036,3.711,-0.057,1.879
1099,13.586,3.403,296.211,377.74,55.214,-57.424,-17.548,7.757,271.062,456.466,60.066,99.962,0.519,3.228,0.499,4.249,0.003,3.716,-0.055,1.888
1100,14.356,2.662,297.085,371.435,55.249,-58.97,-17.408,7.932,271.039,450.303,63.559,101.084,0.521,3.167,0.532,4.191,0.002,3.655,-0.053,1.897
1101,14.341,3.305,296.655,374.55,57.003,-61.558,-17.727,7.745,270.621,453.288,61.87,104.142,0.536,3.196,0.516,4.226,0.002,3.687,-0.052,1.906
1102,14.163,2.469,297.085,371.435,55.249,-58.308,-17.584,7.711,270.611,447.245,61.809,104.156,0.52,3.167,0.516,4.17,-0.015,3.645,-0.051,1.914
1103,14.16,2.913,297.085,371.435,55.249,-52.723,-17.494,7.628,270.634,440.752,61.736,104.215,0.52,3.166,0.515,4.109,-0.015,3.615,-0.049,1.923
1104,13.988,3.153,296.665,368.367,56.981,-58.481,-17.447,7.452,270.634,440.752,61.736,101.76,0.535,3.143,0.516,4.109,0.001,3.604,-0.048,1.931
1105,14.29,3.16,297.516,368.32,53.494,-58.094,-17.458,7.359,270.647,440.871,58.182,99.625,0.505,3.134,0.482,4.111,-0.047,3.599,-0.047,1.938
1106,13.735,3.061,297.96,365.13,55.283,-54.997,-17.311,6.957,271.098,437.436,59.859,101.023,0.517,3.102,0.498,4.073,-0.032,3.565,-0.046,1.945
1107,14.299,2.764,298.404,361.941,57.071,-57.968,-17.538,7.626,271.088,431.393,59.798,101.7,0.534,3.072,0.496,4.014,-0.032,3.52,-0.046,1.952
1108,14.219,2.693,298.404,361.941,57.071,-54.859,-17.174,7.543,271.111,424.9,59.725,100.973,0.533,3.072,0.497,3.953,-0.032,3.491,-0.045,1.958
1109,14.168,2.884,298.407,349.336,57.013,-53.663,-17.448,7.539,270.683,421.842,57.975,99.545,0.533,2.964,0.48,3.931,-0.049,3.424,-0.045,1.964
1110,14.254,2.661,298.414,355.757,57.05,-56.941,-16.906,7.449,270.683,421.842,57.975,96.102,0.533,3.019,0.482,3.931,-0.048,3.453,-0.044,1.969
1111,14.122,2.632,298.407,349.336,57.013,-57.486,-17.488,6.956,270.255,418.784,56.225,100.245,0.532,2.965,0.464,3.91,-0.066,3.414,-0.044,1.973
1112,14.219,2.594,297.979,339.846,58.709,-52.994,-17.302,7.063,269.85,409.232,54.401,102.446,0.548,2.888,0.449,3.826,-0.065,3.334,-0.044,1.976
1113,14.341,2.679,298.409,336.731,56.954,-51.866,-17.613,6.788,270.268,406.247,56.091,98.464,0.533,2.857,0.463,3.793,-0.066,3.302,-0.044,1.979
1114,14.252,2.637,298.433,330.473,60.476,-52.263,-17.295,7.19,270.732,402.932,54.214,95.721,0.562,2.804,0.445,3.754,-0.05,3.256,-0.044,1.981
1115,14.069,2.441,298.864,327.358,58.721,-53.765,-17.569,7.233,270.305,399.874,52.463,98.86,0.546,2.774,0.429,3.731,-0.083,3.229,-0.045,1.982
1116,14.028,2.534,298.412,324.127,56.895,-57.491,-17.512,6.79,270.327,393.38,52.391,94.252,0.531,2.75,0.428,3.671,-0.082,3.188,-0.045,1.982
1117,14.49,2.717,298.88,314.679,62.206,-56.222,-17.286,6.747,270.364,387.007,48.763,97.114,0.577,2.665,0.395,3.611,-0.082,3.114,-0.046,1.981
1118,14.175,2.14,298.859,308.332,58.625,-56.372,-17.07,6.661,269.877,384.16,54.133,92.46,0.546,2.613,0.447,3.591,-0.084,3.077,-0.047,1.979
1119,13.881,2.362,298.438,305.264,60.358,-55.697,-17.422,6.651,270.782,384.022,50.453,89.529,0.56,2.59,0.41,3.578,-0.067,3.06,-0.048,1.976
1120,14.371,1.952,298.883,302.074,62.147,-55.338,-17.426,6.483,270.759,377.86,53.946,93.872,0.576,2.561,0.442,3.521,-0.052,3.017,-0.049,1.972
1121,13.593,1.798,298.01,295.774,62.054,-52.25,-17.239,6.387,271.664,377.722,50.265,93.154,0.574,2.515,0.407,3.508,-0.034,2.989,-0.05,1.967
1122,14.037,2.039,298.885,289.47,62.088,-52.667,-17.314,5.773,271.677,365.186,50.131,93.914,0.574,2.453,0.406,3.393,-0.051,2.901,-0.051,1.962
1123,13.977,1.622,298.465,286.401,63.821,-55.577,-17.14,6.17,272.546,371.422,50.078,96.438,0.59,2.432,0.404,3.439,-0.018,2.913,-0.052,1.955
1124,13.894,1.346,297.583,286.285,63.75,-54.864,-17.556,5.942,271.677,365.186,50.131,94.879,0.591,2.439,0.405,3.393,-0.018,2.894,-0.053,1.947
1125,14.213,1.358,298.457,279.98,63.784,-51.771,-17.544,5.677,272.523,365.26,53.571,95.613,0.59,2.378,0.436,3.384,-0.003,2.858,-0.054,1.938
1126,13.541,1.481,298.457,279.98,63.784,-57.272,-17.854,6.035,272.523,365.26,53.571,98.82,0.588,2.378,0.434,3.382,-0.004,2.857,-0.054,1.928
1127,13.498,1.31,298.901,276.79,65.573,-54.113,-17.134,6.442,272.095,362.202,51.821,97.133,0.602,2.348,0.421,3.358,-0.021,2.829,-0.055,1.918
1128,13.977,1.301,298.457,279.98,63.784,-54.675,-17.407,6.348,272.523,365.26,53.571,96.389,0.589,2.378,0.436,3.381,-0.003,2.857,-0.055,1.906
1129,13.986,1.93,298.457,279.98,63.784,-51.668,-17.496,5.857,271.213,368.502,52.008,95.295,0.59,2.376,0.423,3.43,-0.036,2.878,-0.056,1.894
1130,13.719,1.803,298.457,279.98,63.784,-52.614,-17.277,5.758,271.213,368.502,52.008,88.498,0.589,2.377,0.424,3.43,-0.036,2.878,-0.056,1.882
1131,13.794,1.738,298.005,276.748,61.959,-55.079,-17.008,5.995,271.677,365.186,50.131,94.654,0.574,2.353,0.407,3.392,-0.034,2.849,-0.057,1.87
1132,14.251,2.09,298.457,279.98,63.784,-50.505,-17.146,6.13,271.213,368.502,52.008,98.198,0.59,2.376,0.424,3.429,-0.035,2.877,-0.057,1.857
1133,13.774,1.883,298.465,286.401,63.821,-51.69,-17.099,6.574,270.772,365.324,53.812,94.956,0.589,2.431,0.442,3.403,-0.037,2.893,-0.058,1.843
1134,14.017,2.048,298.478,286.327,67.365,-55.32,-17.093,6.351,271.2,368.382,55.562,91.8,0.62,2.43,0.458,3.427,-0.004,2.905,-0.058,1.83
1135,14.033,1.837,298.027,283.095,65.539,-55.539,-16.924,6.487,270.795,371.486,50.319,95.003,0.605,2.407,0.41,3.461,-0.035,2.908,-0.059,1.816
1136,14.297,1.795,298.899,289.395,65.632,-53.112,-17.461,6.566,271.213,368.502,52.008,97.033,0.605,2.453,0.423,3.427,-0.036,2.917,-0.059,1.803
1137,13.973,1.979,298.885,289.47,62.088,-56.162,-17.37,6.473,271.641,371.56,53.759,97.752,0.574,2.453,0.439,3.451,-0.036,2.928,-0.059,1.79
1138,14.159,1.757,298.909,283.212,65.61,-53.088,-17.281,6.704,271.213,368.502,52.008,94.586,0.605,2.401,0.424,3.427,-0.037,2.889,-0.06,1.776
1139,14.292,2.47,299.329,286.28,63.877,-52.663,-17.46,6.074,270.354,368.308,52.123,94.498,0.59,2.421,0.426,3.438,-0.07,2.904,-0.06,1.763
1140,14.349,2.239,299.329,286.28,63.877,-50.678,-17.193,6.617,271.213,368.502,52.008,92.508,0.59,2.422,0.424,3.427,-0.052,2.9,-0.061,1.75
1141,14.069,1.974,298.885,289.47,62.088,-55.521,-17.412,6.257,271.213,368.502,52.008,94.888,0.575,2.453,0.424,3.428,-0.052,2.917,-0.061,1.737
1142,14.084,2.143,298.885,289.47,62.088,-52.759,-17.279,6.481,270.344,362.265,52.062,93.495,0.575,2.453,0.426,3.38,-0.069,2.893,-0.062,1.724
1143,14.019,2.018,299.329,286.28,63.877,-51.98,-17.591,6.574,270.344,362.265,52.062,95.252,0.589,2.423,0.425,3.38,-0.071,2.877,-0.062,1.712
1144,14.019,1.719,299.76,283.165,62.122,-49.488,-17.625,6.09,270.772,365.324,53.812,96.712,0.573,2.394,0.44,3.405,-0.071,2.873,-0.063,1.699
1145,13.726,1.655,299.75,289.348,62.144,-53.052,-16.882,6.302,270.785,365.443,50.258,96.085,0.572,2.446,0.41,3.405,-0.085,2.901,-0.064,1.687
1146,14.164,2.298,300.204,279.975,63.911,-48.751,-17.11,6.611,270.795,371.486,50.319,93.884,0.588,2.361,0.409,3.46,-0.086,2.882,-0.064,1.675
1147,14.129,1.989,300.204,279.975,63.911,-47.356,-17.372,6.259,271.677,365.186,50.131,93.091,0.588,2.362,0.405,3.391,-0.069,2.851,-0.065,1.663
1148,14.108,2.063,301.076,286.275,64.004,-53.035,-17.418,6.439,270.354,368.308,52.123,94.913,0.587,2.408,0.426,3.437,-0.104,2.895,-0.066,1.651
1149,14.163,2.022,300.656,283.207,65.737,-49.622,-17.591,6.388,270.354,368.308,52.123,95.937,0.602,2.386,0.425,3.437,-0.088,2.884,-0.067,1.639
1150,14.106,2.317,299.76,283.165,62.122,-55.207,-17.507,6.393,269.89,371.623,53.999,93.813,0.573,2.392,0.444,3.474,-0.087,2.904,-0.068,1.628
1151,13.851,1.891,300.624,283.044,62.178,-50.226,-17.196,6.567,269.89,371.623,53.999,98.485,0.571,2.385,0.445,3.473,-0.104,2.9,-0.07,1.617
1152,13.804,2.07,299.76,283.165,62.122,-53.287,-17.626,6.352,269.89,371.623,53.999,98.83,0.572,2.393,0.444,3.474,-0.088,2.905,-0.071,1.606
1153,14.233,1.923,299.729,283.002,58.564,-55.201,-17.546,6.974,270.759,377.86,53.946,98.831,0.544,2.392,0.442,3.519,-0.085,2.927,-0.072,1.596
1154,13.406,1.581,300.18,286.233,60.39,-49.88,-17.506,6.573,270.341,380.844,52.257,100.941,0.555,2.417,0.427,3.554,-0.103,2.956,-0.073,1.586
1155,13.934,2.246,300.18,286.233,60.39,-54.445,-17.123,6.795,269.877,384.16,54.133,101.024,0.557,2.415,0.447,3.591,-0.103,2.971,-0.075,1.576
1156,14.195,1.83,299.75,289.348,62.144,-51.304,-17.552,6.474,270.746,390.396,54.08,98.468,0.574,2.446,0.443,3.639,-0.069,3.012,-0.076,1.567
1157,13.579,1.837,299.75,289.348,62.144,-51.388,-17.322,6.533,270.722,384.233,57.573,95.033,0.572,2.446,0.477,3.581,-0.055,2.985,-0.077,1.559
1158,13.682,1.98,299.75,289.348,62.144,-54.391,-17.336,6.734,270.282,393.711,55.957,95.239,0.572,2.445,0.462,3.675,-0.071,3.028,-0.079,1.551
1159,14.24,1.662,299.757,295.77,62.181,-55.246,-17.334,6.738,271.173,393.454,55.83,96.704,0.574,2.501,0.46,3.661,-0.052,3.052,-0.08,1.543
1160,14.111,2.059,300.178,298.838,60.448,-52.309,-17.332,6.613,271.615,396.632,54.026,103.498,0.558,2.522,0.442,3.685,-0.068,3.074,-0.081,1.536
1161,13.975,1.805,299.733,302.028,58.659,-52.215,-17.514,6.699,271.151,399.947,55.903,97.776,0.544,2.553,0.46,3.722,-0.069,3.108,-0.082,1.53
1162,14.429,2.249,299.733,302.028,58.659,-53.496,-17.696,6.832,271.578,403.006,57.654,99.518,0.545,2.552,0.475,3.744,-0.052,3.119,-0.083,1.524
1163,14.103,1.881,300.629,302.07,62.274,-55.137,-17.697,6.616,271.542,409.379,61.281,99.219,0.573,2.546,0.509,3.805,-0.039,3.144,-0.084,1.519
1164,14.283,2.066,300.185,305.259,60.485,-51.694,-17.831,6.877,271.16,405.99,55.964,98.784,0.559,2.576,0.459,3.778,-0.069,3.146,-0.085,1.515
1165,14.116,2.369,299.303,305.143,60.414,-56.918,-17.346,6.999,271.137,412.484,56.037,97.392,0.56,2.582,0.462,3.839,-0.051,3.179,-0.086,1.511
1166,14.401,1.886,299.731,314.632,58.718,-53.164,-17.43,7.36,271.124,412.364,59.591,98.816,0.545,2.66,0.495,3.836,-0.051,3.219,-0.087,1.508
1167,13.976,2.011,299.31,311.564,60.451,-53.082,-17.615,7.592,271.101,418.857,59.664,98.535,0.56,2.637,0.495,3.897,-0.037,3.236,-0.087,1.506
1168,14.071,2,298.866,314.754,58.662,-54.444,-17.611,7.226,269.814,415.606,58.028,96.299,0.545,2.668,0.482,3.886,-0.069,3.246,-0.088,1.504
1169,14.117,2.319,298.856,320.937,58.684,-59.374,-17.575,7.445,269.35,418.921,59.905,97.742,0.546,2.72,0.5,3.923,-0.069,3.29,-0.088,1.504
1170,14.556,2.292,298.856,320.937,58.684,-53.914,-17.525,7.176,270.255,418.784,56.225,105.213,0.547,2.72,0.464,3.91,-0.067,3.285,-0.089,1.503
1171,14.046,2.248,298.412,324.127,56.895,-55.083,-17.21,6.91,269.814,415.606,58.028,99.921,0.531,2.751,0.483,3.887,-0.067,3.291,-0.09,1.504
1172,14.078,2.092,298.412,324.127,56.895,-53.8,-17.267,7.314,269.396,418.59,56.339,97.74,0.531,2.752,0.468,3.92,-0.083,3.306,-0.09,1.505
1173,14.429,2.724,298.856,320.937,58.684,-57.293,-17.031,7.047,269.396,418.59,56.339,101.03,0.547,2.719,0.469,3.921,-0.083,3.289,-0.091,1.507
1174,14.615,2.555,299.287,317.822,56.929,-52.42,-17.163,7.369,269.386,412.547,56.278,103.161,0.532,2.689,0.468,3.863,-0.1,3.245,-0.091,1.509
1175,14.367,2.512,299.731,314.632,58.718,-52.454,-17.17,7.135,269.386,412.547,56.278,104.23,0.545,2.658,0.468,3.864,-0.101,3.229,-0.092,1.511
1176,14.54,2.181,300.159,324.122,57.022,-52.776,-17.432,6.639,269.386,412.547,56.278,97.336,0.531,2.736,0.467,3.865,-0.117,3.27,-0.093,1.514
1177,14.546,1.791,300.603,320.932,58.811,-58.701,-17.436,6.916,269.85,409.232,54.401,101.704,0.545,2.706,0.448,3.827,-0.117,3.236,-0.094,1.517
1178,14.322,1.8,300.603,320.932,58.811,-54.795,-17.164,7.058,269.837,409.112,57.955,97.861,0.544,2.706,0.483,3.825,-0.101,3.235,-0.095,1.521
1179,14.722,1.879,300.613,314.749,58.789,-57.485,-17.879,6.918,270.268,406.247,56.091,93.833,0.546,2.653,0.462,3.793,-0.102,3.193,-0.095,1.524
1180,14.109,1.979,301.478,314.628,58.845,-52.473,-17.2,6.788,270.268,406.247,56.091,96.806,0.542,2.644,0.464,3.793,-0.119,3.187,-0.096,1.527
1181,14.373,1.954,301.026,311.396,57.019,-53.768,-17.561,6.474,270.305,399.874,52.463,98.501,0.529,2.621,0.429,3.734,-0.133,3.148,-0.097,1.531
1182,14.333,1.879,301.48,302.023,58.786,-57.085,-16.845,6.694,270.732,402.932,54.214,98.194,0.543,2.538,0.447,3.756,-0.117,3.114,-0.099,1.534
1183,14.419,2.109,301.05,305.138,60.541,-53.093,-17.109,6.248,269.863,396.696,54.267,98.172,0.559,2.568,0.448,3.711,-0.118,3.108,-0.1,1.537
1184,14.248,2.474,301.05,305.138,60.541,-54.399,-17.384,6.427,268.994,390.459,54.321,98.081,0.558,2.566,0.449,3.663,-0.136,3.084,-0.101,1.54
1185,14.56,1.942,301.48,302.023,58.786,-52.111,-16.669,6.47,269.458,387.144,52.444,94.934,0.543,2.538,0.433,3.626,-0.15,3.051,-0.102,1.543
1186,14.538,1.463,301.06,298.955,60.519,-58.602,-17.321,6.16,269.449,381.101,52.383,97.782,0.559,2.517,0.43,3.57,-0.135,3.014,-0.104,1.545
1187,14.683,2.288,301.052,292.533,60.482,-52.505,-16.881,6.202,269.008,377.923,54.187,93.841,0.559,2.461,0.45,3.546,-0.135,2.973,-0.105,1.547
1188,13.899,1.93,301.052,292.533,60.482,-55.099,-16.928,6.614,268.626,374.534,48.87,95.985,0.556,2.462,0.4,3.517,-0.168,2.959,-0.107,1.548
1189,14.34,1.907,301.076,286.275,64.004,-52.101,-16.969,6.53,269.044,371.55,50.56,95.664,0.587,2.409,0.415,3.484,-0.136,2.916,-0.108,1.549
1190,14.253,1.855,301.507,283.16,62.249,-53.86,-17.062,6.48,268.602,368.372,52.363,93.882,0.572,2.379,0.432,3.46,-0.154,2.888,-0.11,1.55
1191,14.457,1.849,301.499,276.739,62.212,-50.038,-17.274,6.392,269.057,359.014,50.426,93.464,0.572,2.325,0.412,3.366,-0.153,2.816,-0.112,1.549
1192,14.677,2.024,302.35,276.692,58.725,-55.453,-16.958,6.03,269.057,359.014,50.426,91.008,0.542,2.318,0.414,3.367,-0.185,2.812,-0.114,1.548
1193,14.461,1.992,301.93,273.624,60.458,-56.758,-16.598,6.307,269.093,352.64,46.798,93.192,0.556,2.295,0.381,3.305,-0.184,2.771,-0.116,1.547
1194,14.233,1.458,301.93,273.624,60.458,-54.781,-17.23,6.12,269.083,346.597,46.737,92.364,0.556,2.297,0.378,3.249,-0.186,2.746,-0.118,1.544
1195,14.134,1.678,301.932,261.019,60.399,-55.241,-17.051,5.91,268.665,336.926,48.468,88.513,0.555,2.19,0.395,3.164,-0.187,2.649,-0.12,1.541
1196,14.356,1.322,301.956,254.761,63.921,-58.57,-16.857,5.512,268.701,330.552,44.841,91.042,0.585,2.139,0.362,3.104,-0.186,2.593,-0.122,1.537
1197,14.19,1.496,301.536,251.693,65.653,-52.803,-17.175,5.417,269.155,321.194,42.903,89.892,0.6,2.115,0.342,3.011,-0.17,2.538,-0.124,1.532
1198,14.268,0.882,301.507,238.925,62.036,-52.254,-17.292,5.516,268.714,318.016,44.707,96.65,0.57,2.01,0.359,2.986,-0.187,2.47,-0.126,1.526
1199,14.28,0.798,301.531,232.667,65.558,-54.333,-16.667,5.203,269.596,311.716,44.52,89.99,0.599,1.957,0.358,2.918,-0.154,2.411,-0.129,1.519
1200,14.314,0.477,300.648,232.55,65.487,-53.634,-16.664,4.931,270.074,308.52,39.089,89.988,0.601,1.963,0.307,2.884,-0.151,2.399,-0.131,1.511
1201,14.021,0.667,300.231,216.877,67.161,-46.192,-16.977,4.936,270.051,302.358,42.582,90.358,0.615,1.833,0.338,2.826,-0.121,2.303,-0.133,1.502
1202,14.06,0.14,299.382,204.319,70.59,-45.248,-16.936,4.807,271.802,302.294,42.341,85.391,0.646,1.733,0.334,2.807,-0.055,2.244,-0.135,1.491
1203,13.92,-0.62,299.805,194.783,68.798,-51.657,-17.009,4.807,271.825,295.801,42.268,86.079,0.629,1.652,0.333,2.747,-0.071,2.173,-0.137,1.479
1204,13.813,-0.265,301.132,191.71,70.658,-48.827,-16.976,4.762,272.684,295.994,42.154,89.68,0.642,1.618,0.331,2.74,-0.073,2.151,-0.139,1.467
1205,13.917,-0.04,301.576,188.52,72.447,-50.462,-17.281,4.358,273.566,289.695,41.966,87.434,0.656,1.588,0.327,2.674,-0.057,2.105,-0.14,1.453
1206,13.627,0.023,302.448,194.82,72.54,-49.732,-17.407,4.366,273.994,292.753,43.717,90.015,0.654,1.636,0.342,2.698,-0.058,2.141,-0.141,1.438
1207,14.009,-0.381,302.448,194.82,72.54,-49.842,-17.46,4.307,273.958,299.126,47.344,86.349,0.655,1.637,0.376,2.758,-0.042,2.17,-0.142,1.421
1208,14.173,-0.299,302.448,194.82,72.54,-49.883,-17.014,4.709,273.553,302.231,42.1,84.702,0.656,1.637,0.329,2.789,-0.073,2.184,-0.143,1.405
1209,13.785,0.24,301.573,201.125,72.506,-43.77,-17.32,4.9,273.517,308.604,45.728,90.738,0.656,1.693,0.362,2.848,-0.041,2.242,-0.143,1.388
1210,13.973,0.185,301.129,204.315,70.717,-46.249,-17.251,5.026,273.099,311.589,44.038,87.477,0.643,1.723,0.347,2.88,-0.056,2.273,-0.143,1.37
1211,14.41,0.042,299.803,207.388,68.857,-50.288,-17.328,5.659,272.635,314.904,45.915,93.926,0.631,1.757,0.365,2.913,-0.038,2.308,-0.143,1.352
1212,14.1,0.362,299.81,213.809,68.894,-47.23,-17.207,5.333,273.04,324.456,47.738,91.779,0.631,1.81,0.382,2.999,-0.022,2.377,-0.143,1.335
1213,14.415,0.666,299.38,216.924,70.649,-48.013,-17.078,5.826,272.158,330.756,47.926,92.473,0.647,1.838,0.385,3.066,-0.022,2.423,-0.143,1.317
1214,14.19,1.006,298.484,216.882,67.034,-54.038,-17.395,6.092,272.167,336.799,47.987,89.213,0.618,1.842,0.385,3.121,-0.021,2.452,-0.142,1.3
1215,14.143,0.845,298.481,229.487,67.093,-49.274,-17.351,6.174,271.275,337.056,48.113,92.401,0.618,1.95,0.387,3.133,-0.038,2.513,-0.142,1.284
1216,14.061,1.193,298.933,232.718,68.919,-49.32,-17.53,6.311,271.275,337.056,48.113,93.478,0.632,1.973,0.387,3.133,-0.039,2.525,-0.141,1.268
1217,14.29,1.267,298.489,235.908,67.13,-51.82,-16.906,6.355,271.285,343.098,48.174,91.767,0.619,2.003,0.389,3.189,-0.036,2.568,-0.14,1.253
1218,13.676,1.109,298.489,235.908,67.13,-53.097,-17.222,6.216,270.821,346.414,50.051,94.608,0.617,2.004,0.406,3.226,-0.039,2.585,-0.139,1.238
1219,14.435,1.949,298.909,238.976,65.397,-51.692,-17.221,6.228,270.38,343.236,51.855,96.022,0.604,2.024,0.424,3.202,-0.054,2.583,-0.138,1.225
1220,14.504,1.446,298.909,238.976,65.397,-52.235,-17.299,6.187,270.416,336.862,48.227,93.536,0.604,2.026,0.39,3.141,-0.07,2.556,-0.136,1.212
1221,14.243,1.047,299.353,235.787,67.186,-49.134,-17.354,5.552,271.703,340.114,49.863,91.051,0.617,1.997,0.403,3.159,-0.038,2.55,-0.135,1.199
1222,14.415,1.3,299.34,235.861,63.642,-48.465,-17.395,5.772,272.167,336.799,47.987,95.272,0.588,1.997,0.385,3.122,-0.052,2.533,-0.134,1.188
1223,14.177,1.07,299.784,232.672,65.431,-54.212,-17.294,5.683,272.167,336.799,47.987,95.994,0.601,1.968,0.385,3.122,-0.053,2.517,-0.133,1.176
1224,14.267,0.882,299.784,232.672,65.431,-51.455,-17.38,5.427,273.049,330.499,47.799,96.021,0.602,1.968,0.382,3.055,-0.037,2.486,-0.132,1.166
1225,13.755,0.883,300.68,232.714,69.045,-49.312,-17.17,4.962,272.585,333.814,49.676,90.651,0.629,1.963,0.401,3.093,-0.04,2.5,-0.13,1.155
1226,13.835,0.585,300.228,229.482,67.22,-48.302,-17.462,5.114,272.598,321.278,49.542,99.923,0.615,1.94,0.398,2.975,-0.04,2.432,-0.129,1.145
1227,14.497,0.749,300.659,226.367,65.465,-54.47,-17.244,5.286,272.598,321.278,49.542,93.15,0.601,1.91,0.399,2.974,-0.054,2.416,-0.128,1.136
1228,13.793,0.753,300.228,229.482,67.22,-44.402,-17.69,5.107,273.04,324.456,47.738,96.684,0.614,1.939,0.38,3,-0.039,2.444,-0.127,1.126
1229,14.502,1.317,299.808,226.414,68.953,-47.043,-17.692,4.925,272.18,324.262,47.853,93.835,0.632,1.914,0.382,3.008,-0.039,2.435,-0.125,1.117
1230,13.98,0.44,299.356,223.182,67.127,-56.004,-17.591,5.297,272.635,314.904,45.915,93.88,0.616,1.892,0.364,2.915,-0.038,2.38,-0.124,1.108
1231,14.358,0.656,300.238,223.299,67.198,-51.17,-17.651,4.702,272.635,314.904,45.915,91.629,0.616,1.887,0.364,2.917,-0.055,2.377,-0.123,1.099
1232,14.279,0.577,299.356,223.182,67.127,-51.023,-17.329,4.968,273.062,317.962,47.665,93.472,0.617,1.892,0.381,2.94,-0.021,2.392,-0.121,1.09
1233,13.969,0.752,299.786,220.067,65.372,-48.707,-17.198,4.84,272.171,318.22,47.792,94.95,0.6,1.862,0.383,2.952,-0.055,2.381,-0.12,1.081
1234,14.087,0.332,299.356,223.182,67.127,-51.546,-17.234,4.613,272.171,318.22,47.792,94.247,0.616,1.893,0.383,2.953,-0.038,2.398,-0.119,1.073
1235,13.881,0.93,300.238,223.299,67.198,-53.475,-17.245,4.71,273.504,321.14,45.861,92.127,0.615,1.886,0.363,2.965,-0.038,2.401,-0.117,1.064
1236,14.059,0.323,300.231,216.877,67.161,-49.516,-17.636,4.703,273.062,317.962,47.665,95.275,0.615,1.834,0.379,2.941,-0.039,2.361,-0.116,1.056
1237,14.059,0.536,299.786,220.067,65.372,-50.341,-17.368,4.706,273.062,317.962,47.665,95.964,0.601,1.863,0.38,2.941,-0.038,2.377,-0.115,1.048
1238,13.93,0.611,299.786,220.067,65.372,-50.694,-17.865,4.789,272.598,321.278,49.542,97.014,0.6,1.863,0.397,2.976,-0.04,2.393,-0.113,1.04
1239,14.125,0.476,299.786,220.067,65.372,-49.454,-17.378,4.526,273.026,324.336,51.292,94.627,0.601,1.863,0.414,3.001,-0.022,2.405,-0.112,1.033
1240,14.271,0.007,300.207,223.135,63.64,-49.396,-17.519,4.344,272.622,327.44,46.049,93.433,0.586,1.888,0.365,3.035,-0.07,2.434,-0.111,1.025
1241,14.282,0.447,299.776,226.25,65.394,-46.589,-17.705,5.281,272.585,333.814,49.676,90.935,0.602,1.916,0.399,3.091,-0.038,2.476,-0.11,1.018
1242,14.235,0.482,299.776,226.25,65.394,-50.141,-17.255,4.979,271.716,327.578,49.729,94.254,0.601,1.915,0.402,3.044,-0.055,2.452,-0.108,1.011
1243,14.322,0.407,299.776,226.25,65.394,-49.466,-17.557,5.062,272.158,330.756,47.926,91.717,0.602,1.916,0.383,3.068,-0.054,2.464,-0.107,1.005
1244,14.396,-0.066,298.912,226.372,65.338,-50.289,-17.437,4.878,271.716,327.578,49.729,92.746,0.603,1.924,0.401,3.044,-0.038,2.457,-0.106,0.999
1245,14.277,0.051,299.332,229.44,63.605,-51.198,-17.251,4.74,271.716,327.578,49.729,94.487,0.587,1.947,0.402,3.045,-0.054,2.469,-0.105,0.993
1246,13.751,0.508,299.786,220.067,65.372,-51.182,-17.168,4.831,271.716,327.578,49.729,91.012,0.6,1.863,0.402,3.045,-0.056,2.425,-0.104,0.988
1247,14.024,0.546,299.342,223.257,63.584,-49.168,-17.333,4.933,271.289,324.519,47.979,93.213,0.586,1.893,0.386,3.02,-0.071,2.429,-0.103,0.982
1248,14.277,0.627,299.786,220.067,65.372,-49.374,-17.47,4.744,271.752,321.204,46.102,90.572,0.601,1.862,0.367,2.985,-0.071,2.396,-0.102,0.977
1249,14.689,-0.133,300.682,220.109,68.987,-50.919,-17.065,4.482,271.311,318.026,47.906,93.897,0.631,1.86,0.386,2.961,-0.072,2.382,-0.102,0.972
1250,13.92,0.13,300.661,213.762,65.406,-49.093,-17.338,4.437,271.311,318.026,47.906,89.905,0.599,1.805,0.385,2.961,-0.089,2.354,-0.101,0.968
1251,14.377,0.335,301.082,216.831,63.674,-50.425,-17.243,4.53,271.311,318.026,47.906,88.559,0.585,1.828,0.386,2.961,-0.104,2.365,-0.1,0.963
1252,14.504,0.228,300.654,207.341,65.37,-48.65,-17.477,4.352,270.883,314.968,46.156,90.911,0.6,1.751,0.369,2.937,-0.105,2.313,-0.1,0.958
1253,14.367,-0.206,301.536,207.458,65.441,-49.107,-17.071,4.128,271.338,305.61,44.218,88.882,0.599,1.748,0.352,2.846,-0.121,2.268,-0.1,0.953
1254,14.222,-0.044,301.084,204.226,63.615,-47.425,-16.977,4.624,271.766,308.668,45.968,90.74,0.584,1.723,0.368,2.868,-0.104,2.266,-0.1,0.948
1255,14.315,-0.209,301.528,201.036,65.404,-47.295,-17.059,4.45,271.324,305.49,47.772,90.695,0.598,1.694,0.385,2.844,-0.105,2.239,-0.1,0.943
1256,14.842,-0.136,301.959,197.921,63.649,-53.826,-17.557,4.35,271.802,302.294,42.341,89.487,0.584,1.665,0.332,2.809,-0.136,2.207,-0.1,0.938
1257,14.184,-0.604,301.531,188.432,65.345,-45.317,-17.243,4.355,271.361,299.116,44.145,89.918,0.597,1.589,0.35,2.784,-0.122,2.155,-0.1,0.932
1258,14.131,-0.248,301.531,188.432,65.345,-52.644,-16.794,4.217,270.933,296.058,42.395,88.202,0.597,1.588,0.336,2.76,-0.137,2.143,-0.101,0.926
1259,14.275,-0.468,301.555,182.174,68.867,-45.557,-16.762,4.261,270.064,289.822,42.448,82.428,0.627,1.536,0.338,2.71,-0.139,2.091,-0.101,0.92
1260,14.451,-0.332,301.533,175.827,65.286,-48.033,-16.882,4.496,270.946,283.522,42.261,83.925,0.598,1.482,0.334,2.641,-0.138,2.031,-0.102,0.913
1261,14.356,-0.08,302.406,182.127,65.379,-48.147,-16.654,4.457,269.659,280.27,40.625,85.357,0.596,1.53,0.322,2.624,-0.187,2.045,-0.103,0.906
1262,14.542,-0.653,302.408,169.522,65.32,-44.928,-16.965,4.147,268.79,274.034,40.678,86.755,0.597,1.426,0.322,2.574,-0.205,1.966,-0.104,0.898
1263,14.214,-0.451,303.703,166.286,63.622,-43.843,-16.596,3.738,269.244,264.676,38.74,82.839,0.579,1.392,0.304,2.483,-0.238,1.905,-0.106,0.89
1264,14.395,-0.589,303.252,163.054,61.796,-48.507,-16.829,3.688,270.09,264.749,42.18,81.371,0.565,1.368,0.335,2.476,-0.205,1.89,-0.107,0.881
1265,15.016,-0.33,303.262,156.871,61.774,-42.115,-16.552,4.013,269.662,261.691,40.43,83.982,0.567,1.315,0.32,2.45,-0.22,1.849,-0.109,0.871
1266,14.4,-1.051,303.233,144.103,58.157,-41.784,-16.858,4.183,270.126,258.376,38.553,89.26,0.534,1.211,0.301,2.414,-0.236,1.778,-0.111,0.861
1267,14.885,-0.584,303.233,144.103,58.157,-46.778,-16.597,3.97,269.257,252.14,38.606,86.082,0.536,1.209,0.303,2.364,-0.252,1.752,-0.114,0.85
1268,14.485,-1.023,304.108,137.798,58.191,-47.83,-16.952,3.788,269.257,252.14,38.606,83.856,0.533,1.154,0.302,2.365,-0.27,1.723,-0.117,0.838
1269,14.524,-1.12,304.108,137.798,58.191,-42.513,-17.217,3.789,269.675,249.155,40.296,86.727,0.534,1.155,0.316,2.333,-0.254,1.708,-0.119,0.825
1270,14.733,-0.936,304.982,131.494,58.225,-44.992,-17.092,3.478,268.806,242.919,40.349,85.958,0.533,1.098,0.318,2.283,-0.288,1.653,-0.123,0.812
1271,14.612,-1.284,304.982,131.494,58.225,-41.873,-16.854,3.206,269.27,239.603,38.472,82.801,0.533,1.099,0.301,2.248,-0.287,1.638,-0.126,0.798
1272,15.008,-1.232,304.541,122.079,56.378,-44.762,-16.767,3.345,269.734,236.288,36.596,81.022,0.519,1.022,0.283,2.213,-0.284,1.581,-0.13,0.784
1273,14.42,-1.37,304.11,125.194,58.132,-42.101,-16.407,3.039,269.734,236.288,36.596,77.901,0.533,1.05,0.284,2.214,-0.269,1.597,-0.133,0.769
1274,14.821,-1.597,305.405,121.957,56.434,-41.945,-16.956,3.348,269.306,233.23,34.845,84.583,0.518,1.02,0.266,2.187,-0.318,1.567,-0.137,0.753
1275,14.682,-1.474,304.089,118.847,54.552,-39.224,-16.735,3.08,269.306,233.23,34.845,82.817,0.504,0.998,0.267,2.188,-0.301,1.557,-0.141,0.737
1276,14.785,-1.564,304.089,118.847,54.552,-41.227,-16.686,3.388,268.437,226.993,34.899,85.617,0.504,0.998,0.269,2.135,-0.318,1.531,-0.146,0.72
1277,15.181,-2.022,303.669,115.779,56.285,-36.997,-16.766,2.885,268.865,230.052,36.649,83.743,0.521,0.975,0.284,2.163,-0.285,1.533,-0.15,0.703
1278,14.871,-2.163,304.092,106.242,54.493,-45.609,-16.906,3.397,268.856,224.009,36.588,80.286,0.504,0.895,0.283,2.104,-0.303,1.462,-0.155,0.685
1279,14.609,-1.668,303.661,109.357,56.248,-35.992,-16.663,2.892,268.437,226.993,34.899,77.413,0.518,0.92,0.269,2.137,-0.302,1.491,-0.159,0.667
1280,14.707,-2.128,302.789,103.057,56.155,-38.243,-16.631,2.813,268.451,214.457,34.765,76.355,0.519,0.872,0.268,2.019,-0.286,1.411,-0.164,0.648
1281,14.683,-2.962,303.219,99.942,54.401,-39.181,-16.848,2.366,268.451,214.457,34.765,78.824,0.504,0.847,0.267,2.02,-0.303,1.398,-0.169,0.63
1282,14.789,-2.473,304.115,99.984,58.015,-37.503,-16.666,3.038,270.202,214.394,34.524,78.567,0.533,0.843,0.263,2.004,-0.269,1.389,-0.173,0.61
1283,14.284,-2.086,303.664,96.753,56.189,-38.907,-16.669,2.907,270.202,214.394,34.524,76.041,0.517,0.816,0.263,2.005,-0.269,1.376,-0.178,0.591
1284,14.881,-2.58,304.536,103.053,56.282,-37.462,-16.619,2.901,270.62,211.409,36.213,77.08,0.518,0.868,0.279,1.974,-0.268,1.388,-0.183,0.571
1285,14.869,-2.643,304.084,99.821,54.456,-38.236,-16.576,2.137,270.62,211.409,36.213,77.084,0.504,0.842,0.279,1.976,-0.268,1.376,-0.187,0.551
1286,14.507,-2.13,304.536,103.053,56.282,-39.713,-16.391,2.768,271.061,214.587,34.409,76.485,0.517,0.866,0.263,2.001,-0.268,1.401,-0.191,0.531
1287,14.826,-2.349,303.233,99.868,57.944,-39.633,-17.153,2.862,271.061,214.587,34.409,79.542,0.534,0.844,0.26,2,-0.236,1.39,-0.196,0.511
1288,14.818,-2.211,303.219,99.942,54.401,-33.665,-16.758,2.458,271.489,217.645,36.16,80.322,0.504,0.844,0.277,2.027,-0.234,1.403,-0.2,0.491
1289,14.678,-2.525,303.219,99.942,54.401,-37.297,-17.477,2.992,271.071,220.63,34.47,80.966,0.504,0.845,0.259,2.056,-0.251,1.417,-0.204,0.471
1290,14.661,-1.992,302.337,99.826,54.33,-40.296,-17.169,2.863,271.071,220.63,34.47,80.237,0.505,0.845,0.26,2.057,-0.234,1.418,-0.208,0.451
1291,14.613,-1.485,302.369,99.989,57.888,-43.685,-16.939,2.947,270.607,223.945,36.347,77.767,0.534,0.845,0.279,2.091,-0.22,1.433,-0.211,0.432
1292,14.328,-1.853,301.463,106.13,54.296,-42.373,-17.083,2.914,270.63,217.452,36.274,74.228,0.505,0.9,0.278,2.03,-0.219,1.435,-0.215,0.413
1293,14.606,-1.994,302.345,106.247,54.367,-41.277,-16.989,3.037,271.071,220.63,34.47,80.96,0.505,0.899,0.261,2.056,-0.234,1.446,-0.218,0.394
1294,14.7,-2.711,301.938,103.104,59.643,-41.424,-17.173,2.814,271.025,220.961,38.037,81.302,0.55,0.876,0.294,2.061,-0.188,1.436,-0.221,0.375
1295,14.652,-2.35,301.47,112.552,54.332,-35.323,-16.618,2.762,271.917,220.704,37.91,78.935,0.506,0.956,0.294,2.052,-0.184,1.476,-0.224,0.357
1296,14.646,-2.349,301.914,109.362,56.121,-40.36,-16.8,3.127,272.786,226.94,37.857,77.539,0.52,0.928,0.292,2.102,-0.168,1.485,-0.226,0.34
1297,14.805,-2.586,301.018,109.32,52.507,-41.444,-16.766,3.123,272.322,230.255,39.734,76.409,0.492,0.931,0.31,2.136,-0.167,1.503,-0.228,0.323
1298,14.26,-2.394,301.018,109.32,52.507,-40.833,-16.813,2.893,273.191,236.492,39.68,77.827,0.49,0.93,0.308,2.188,-0.15,1.529,-0.23,0.306
1299,14.614,-2.533,300.595,118.856,54.298,-38.516,-17.117,2.806,273.191,236.492,39.68,81.042,0.507,1.013,0.307,2.189,-0.134,1.573,-0.232,0.29
1300,14.547,-2.715,300.595,118.856,54.298,-37.457,-16.99,2.714,273.596,246.043,41.503,80.677,0.507,1.013,0.324,2.274,-0.118,1.614,-0.233,0.275
1301,14.554,-2.454,300.595,118.856,54.298,-41.02,-17.306,2.623,273.596,246.043,41.503,81.675,0.507,1.012,0.323,2.275,-0.118,1.614,-0.234,0.261
1302,14.92,-2.324,301.016,121.925,52.566,-37.155,-17.035,3.118,273.596,246.043,41.503,82.889,0.493,1.037,0.324,2.273,-0.133,1.625,-0.235,0.247
1303,14.518,-1.935,300.572,125.114,50.777,-41.206,-17.037,2.625,273.605,252.086,41.564,82.441,0.477,1.064,0.324,2.331,-0.133,1.667,-0.235,0.235
1304,14.658,-1.998,299.711,131.344,54.286,-40.806,-17.386,2.797,273.987,255.475,46.881,80.296,0.509,1.12,0.372,2.358,-0.069,1.711,-0.236,0.223
1305,14.78,-2.188,299.697,131.419,50.743,-40.591,-17.53,3.158,274.01,261.638,43.388,79.19,0.479,1.121,0.339,2.414,-0.1,1.739,-0.235,0.212
1306,14.597,-2.032,299.274,140.955,52.534,-42.683,-17.489,3.031,274.01,261.638,43.388,80.01,0.494,1.203,0.339,2.414,-0.084,1.782,-0.235,0.202
1307,14.226,-1.8,298.822,137.724,50.709,-44.042,-17.085,3.112,273.546,264.953,45.265,86.776,0.478,1.177,0.358,2.449,-0.084,1.785,-0.234,0.193
1308,14.644,-2.113,298.843,144.07,54.289,-41.605,-17.396,2.795,274.416,271.189,45.211,84.641,0.51,1.232,0.356,2.5,-0.051,1.839,-0.233,0.185
1309,14.693,-1.588,297.947,144.028,50.675,-39.814,-17.216,3.289,273.974,268.011,47.015,90.655,0.481,1.233,0.374,2.473,-0.049,1.827,-0.232,0.178
1310,14.427,-1.611,296.652,147.265,52.373,-40.779,-16.944,3.334,273.556,270.996,45.326,83.921,0.497,1.266,0.36,2.504,-0.032,1.86,-0.231,0.172
1311,14.078,-2.016,296.652,147.265,52.373,-45.351,-17.48,3.115,273.974,268.011,47.015,87.104,0.496,1.268,0.373,2.473,-0.018,1.847,-0.229,0.167
1312,14.254,-1.268,296.645,140.843,52.336,-42.208,-17.173,3.603,273.974,268.011,47.015,83.559,0.496,1.21,0.374,2.472,-0.017,1.816,-0.227,0.163
1313,14.035,-1.888,297.097,144.075,54.162,-40.429,-17.318,3.168,274.01,261.638,43.388,81.782,0.51,1.238,0.34,2.414,-0.034,1.802,-0.224,0.159
1314,14.306,-1.853,296.224,137.775,54.069,-38.731,-17.386,3.294,274.01,261.638,43.388,82.818,0.512,1.188,0.339,2.413,-0.016,1.777,-0.222,0.156
1315,14.52,-2.203,296.676,141.007,55.895,-43.426,-17.523,3.163,274.024,249.102,43.254,84.182,0.527,1.215,0.338,2.298,-0.017,1.735,-0.219,0.153
1316,14.125,-1.974,296.669,134.585,55.858,-43.163,-17.16,2.987,275.357,252.022,41.324,81.459,0.526,1.159,0.319,2.314,0.001,1.715,-0.216,0.151
1317,14.392,-1.703,297.543,128.281,55.892,-41.026,-17.652,2.676,275.347,245.98,41.263,79.21,0.525,1.101,0.317,2.259,-0.018,1.658,-0.213,0.149
1318,14.342,-2.334,297.567,122.023,59.414,-40.986,-17.206,2.49,275.37,239.486,41.19,78.562,0.555,1.049,0.318,2.2,-0.002,1.602,-0.209,0.147
1319,14.242,-2.499,298.439,128.323,59.507,-40.966,-17.734,2.36,276.229,239.68,41.075,82.46,0.554,1.1,0.314,2.195,-0.003,1.627,-0.206,0.146
1320,14.776,-2.205,298.442,115.718,59.448,-39.137,-17.46,2.279,276.67,230.202,42.692,79.641,0.555,0.992,0.329,2.105,0.014,1.528,-0.202,0.144
1321,14.516,-2.319,298.862,118.786,57.715,-42.3,-18,2.142,276.67,230.202,42.692,79.223,0.539,1.017,0.328,2.106,-0.003,1.541,-0.198,0.141
1322,14.557,-2.749,298.872,112.603,57.693,-41.088,-17.336,2.091,276.242,227.144,40.941,82.118,0.539,0.966,0.314,2.081,-0.019,1.502,-0.194,0.139
1323,14.741,-2.296,298.421,109.371,55.868,-36.939,-17.506,2.19,277.134,226.887,40.815,79.302,0.525,0.939,0.312,2.072,-0.001,1.484,-0.19,0.136
1324,14.504,-2.552,298.421,109.371,55.868,-41.276,-17.81,2.503,276.706,223.828,39.064,80.673,0.524,0.939,0.295,2.046,-0.018,1.472,-0.186,0.133
1325,14.554,-2.516,297.57,109.418,59.355,-44.149,-17.774,2.635,276.265,220.65,40.868,76.371,0.555,0.942,0.312,2.019,0.014,1.461,-0.182,0.13
1326,14.653,-2.639,297.548,103.071,55.775,-36.131,-17.684,2.111,275.396,214.414,40.922,77.13,0.525,0.889,0.314,1.97,-0.018,1.408,-0.178,0.127
1327,14.768,-2.502,297.572,96.813,59.296,-40.295,-17.443,2.099,274.945,205.193,42.664,73.161,0.556,0.835,0.331,1.888,-0.004,1.341,-0.174,0.123
1328,14.245,-2.446,297.572,96.813,59.296,-38.521,-17.499,1.975,274.981,198.82,39.037,75.353,0.554,0.835,0.298,1.829,-0.02,1.312,-0.17,0.118
1329,14.253,-2.847,296.7,90.513,59.204,-37.363,-17.4,1.971,274.981,198.82,39.037,74.609,0.555,0.784,0.298,1.829,-0.003,1.287,-0.166,0.113
1330,14.819,-3.12,297.575,84.209,59.238,-38.626,-17.624,1.486,274.576,189.268,37.214,76.725,0.555,0.729,0.281,1.745,-0.036,1.217,-0.163,0.108
1331,15.052,-3.034,295.831,71.609,59.052,-36.849,-17.088,1.126,271.528,180.037,35.758,77.462,0.558,0.625,0.272,1.68,-0.069,1.13,-0.159,0.101
1332,14.403,-4.171,296.299,62.161,64.363,-40.829,-17.177,0.186,271.159,164.112,30.307,76.29,0.6,0.547,0.221,1.537,-0.087,1.02,-0.155,0.094
1333,14.463,-3.995,298.479,46.437,62.676,-34.535,-16.953,-0.126,271.173,151.576,30.173,69.152,0.582,0.409,0.221,1.42,-0.138,0.89,-0.152,0.086
1334,15.133,-4.381,299.797,36.942,64.499,-31.001,-17.122,-0.347,271.627,142.217,28.236,69.507,0.597,0.328,0.202,1.331,-0.155,0.805,-0.149,0.077
1335,15.739,-4.432,301.537,30.516,64.589,-30.917,-17.19,-0.21,274.26,135.854,27.807,69.864,0.596,0.272,0.195,1.259,-0.136,0.742,-0.146,0.066
1336,15.565,-4.356,304.158,24.207,64.75,-30.477,-17.729,0.653,276.452,138.968,25.763,71.775,0.592,0.216,0.173,1.274,-0.153,0.72,-0.144,0.054
1337,15.547,-3.425,305.054,24.249,68.364,-29.395,-17.38,1.678,276.416,145.342,29.39,68.618,0.62,0.213,0.208,1.33,-0.139,0.744,-0.142,0.041
1338,15.743,-3.303,304.61,27.439,66.575,-27.571,-17.749,1.677,275.106,148.584,27.827,68.485,0.607,0.24,0.193,1.366,-0.171,0.774,-0.14,0.026
1339,16.139,-3.646,304.179,30.554,68.33,-27.366,-17.747,1.904,275.093,148.464,31.381,70.233,0.623,0.267,0.226,1.364,-0.139,0.788,-0.139,0.011
1340,15.917,-3.341,303.315,30.675,68.274,-22.35,-17.832,1.455,273.76,145.543,33.311,63.854,0.624,0.268,0.245,1.345,-0.141,0.779,-0.138,-0.005
1341,15.881,-3.402,302.433,30.558,68.203,-25.857,-18.336,2.042,274.188,148.601,35.062,60.914,0.625,0.268,0.259,1.369,-0.109,0.792,-0.137,-0.022
1342,15.776,-3.513,301.116,27.448,66.322,-25.978,-18.733,1.957,274.606,145.617,36.751,61.209,0.612,0.243,0.272,1.34,-0.076,0.766,-0.136,-0.039
1343,16.188,-3.97,300.244,21.148,66.229,-24.462,-19.057,1.151,275.07,142.301,34.874,50.122,0.614,0.192,0.253,1.31,-0.059,0.727,-0.135,-0.056
1344,15.743,-3.663,299.348,21.106,62.615,-23.323,-19.464,1.725,275.488,139.317,36.564,50.056,0.584,0.191,0.267,1.278,-0.042,0.712,-0.134,-0.074
1345,16.44,-3.947,297.601,21.111,62.488,-23.578,-19.769,1.558,274.619,133.08,36.617,43.265,0.588,0.193,0.267,1.225,-0.025,0.689,-0.133,-0.093
1346,16.667,-4.159,295.857,8.511,62.302,-20.194,-20.663,1.472,274.609,127.038,36.556,43.15,0.591,0.087,0.264,1.17,0.008,0.608,-0.132,-0.111
1347,17.009,-4.529,294.089,2.169,58.595,-22.206,-20.662,1.301,275.073,123.722,34.679,42.466,0.564,0.034,0.246,1.138,0.028,0.567,-0.131,-0.131
1348,17.736,-4.773,293.661,-7.321,60.291,-12.312,-20.432,0.885,275.956,117.422,34.492,38.895,0.582,-0.047,0.244,1.078,0.063,0.498,-0.13,-0.151
1349,18.17,-5.232,293.664,-19.926,60.232,-12.771,-20.574,0.041,275.946,111.38,34.431,42.477,0.583,-0.155,0.243,1.025,0.063,0.417,-0.128,-0.171
1350,18.074,-5.366,292.794,-38.83,60.081,-13.498,-20.379,0.097,277.279,101.645,35.921,44.985,0.583,-0.319,0.256,0.931,0.113,0.289,-0.126,-0.192
1351,18.167,-5.978,293.241,-54.624,61.811,-10.203,-20.419,0.012,277.71,98.78,34.056,42.571,0.597,-0.453,0.239,0.903,0.112,0.207,-0.124,-0.214
1352,17.955,-5.927,293.291,-79.745,68.796,-10.894,-20.784,-0.535,277.269,95.602,35.86,42.405,0.657,-0.67,0.254,0.878,0.14,0.082,-0.121,-0.238
1353,17.762,-6.217,295.929,-98.734,72.441,-4.239,-20.549,-0.133,277.305,89.228,32.233,43.147,0.682,-0.827,0.222,0.818,0.088,-0.031,-0.118,-0.262
1354,17.897,-5.266,299.016,-101.886,77.971,-6.205,-20.6,-0.437,277.305,89.228,32.233,42.471,0.722,-0.848,0.222,0.819,0.051,-0.046,-0.115,-0.288
1355,17.362,-5.263,301.217,-111.264,79.865,-9.772,-20.418,-0.575,276.877,86.17,30.482,42.132,0.731,-0.921,0.207,0.793,-0.001,-0.1,-0.111,-0.315
1356,17.491,-5.414,302.092,-117.569,79.899,-4.274,-20.376,-0.847,276.877,86.17,30.482,44.593,0.729,-0.971,0.207,0.794,-0.018,-0.127,-0.108,-0.343
1357,17.228,-4.867,302.536,-120.758,81.688,-4.79,-20.048,-0.759,276.018,85.976,30.597,46.438,0.743,-0.998,0.21,0.794,-0.036,-0.143,-0.105,-0.372
1358,16.923,-6.387,301.22,-123.869,79.806,-4.484,-19.838,-0.307,274.685,83.056,32.527,51.771,0.729,-1.023,0.229,0.769,-0.036,-0.168,-0.102,-0.402
1359,17.147,-7.174,300.768,-127.1,77.981,-3.481,-19.647,-0.981,274.731,82.725,28.961,49.322,0.715,-1.05,0.197,0.768,-0.049,-0.182,-0.1,-0.432
1360,17.345,-7.822,299.452,-130.211,76.099,-7.624,-19.297,-0.708,274.303,79.666,27.21,52.932,0.703,-1.078,0.182,0.74,-0.047,-0.209,-0.097,-0.464
1361,17.704,-8.633,299.444,-136.632,76.062,-4.411,-19.238,-1.166,275.59,82.918,28.846,51.862,0.704,-1.13,0.197,0.768,-0.013,-0.22,-0.095,-0.496
1362,17.777,-9.354,299.43,-136.557,72.519,-1.837,-19.685,-0.94,275.59,82.918,28.846,55.737,0.674,-1.127,0.195,0.768,-0.029,-0.219,-0.093,-0.529
1363,17.788,-9.854,299,-133.442,74.274,-3.554,-19.559,-1.218,274.685,83.056,32.527,55.313,0.69,-1.101,0.23,0.772,-0.014,-0.204,-0.091,-0.562
1364,17.568,-9.505,299,-133.442,74.274,-6.728,-19.597,-1.701,274.731,82.725,28.961,56.043,0.689,-1.102,0.197,0.771,-0.03,-0.205,-0.089,-0.595
1365,17.683,-8.945,298.149,-133.396,77.761,-3.091,-19.508,-2.147,274.731,82.725,28.961,57.502,0.722,-1.107,0.197,0.773,0.003,-0.205,-0.087,-0.628
1366,17.091,-8.382,299.021,-127.096,77.854,-10.037,-19.461,-2.197,275.149,79.74,30.65,58.97,0.718,-1.052,0.213,0.744,0.001,-0.191,-0.085,-0.661
1367,16.558,-8.245,298.598,-117.559,79.645,-11.617,-19.278,-2.463,274.731,82.725,28.961,62.525,0.733,-0.972,0.198,0.774,0.001,-0.136,-0.083,-0.695
1368,16.344,-8.303,298.144,-108.186,77.878,-10.817,-19.234,-2.558,274.731,82.725,28.961,60.765,0.718,-0.894,0.198,0.774,0.002,-0.094,-0.081,-0.727
1369,16.385,-8.043,298.144,-108.186,77.878,-15.511,-19.238,-2.609,275.172,85.903,27.157,59.594,0.718,-0.895,0.181,0.802,0.003,-0.08,-0.08,-0.76
1370,16.041,-7.643,297.269,-101.882,77.844,-8.098,-18.93,-2.651,275.172,85.903,27.157,61.848,0.719,-0.845,0.183,0.802,0.02,-0.053,-0.078,-0.791
1371,16.298,-7.953,296.833,-92.27,76.093,-14.796,-19.008,-2.331,275.6,88.961,28.907,63.625,0.706,-0.763,0.198,0.828,0.037,0.003,-0.076,-0.822
1372,16.32,-7.757,298.125,-82.902,74.452,-14.14,-19.052,-2.562,277.315,95.271,32.294,62.193,0.689,-0.68,0.228,0.882,0.053,0.072,-0.074,-0.852
1373,16.65,-7.212,298.122,-70.298,74.511,-15.261,-19.006,-2.197,277.338,101.434,28.801,65.524,0.69,-0.575,0.196,0.937,0.039,0.154,-0.073,-0.881
1374,16.259,-6.51,296.804,-60.803,72.688,-21.021,-19.156,-2.396,277.743,110.985,30.624,63.632,0.677,-0.498,0.212,1.024,0.073,0.237,-0.071,-0.909
1375,16.361,-5.92,295.929,-54.499,72.654,-19.139,-19.424,-2.208,279.458,117.295,34.01,68.644,0.679,-0.448,0.24,1.074,0.139,0.291,-0.069,-0.935
1376,16.362,-6.726,295.023,-48.357,69.062,-21.246,-19.325,-2.019,280.327,123.531,33.957,69.47,0.65,-0.394,0.239,1.126,0.158,0.347,-0.066,-0.96
1377,16.179,-6.473,294.134,-41.978,65.484,-19.796,-19.823,-1.807,281.16,136.141,37.53,65.813,0.62,-0.341,0.269,1.236,0.191,0.43,-0.064,-0.983
1378,15.918,-6.027,293.26,-35.673,65.45,-20.408,-19.603,-1.947,281.61,145.362,35.788,65.122,0.621,-0.289,0.254,1.318,0.21,0.498,-0.061,-1.004
1379,15.471,-6.347,292.385,-29.368,65.416,-20.176,-19.148,-1.672,281.147,148.678,37.664,71.659,0.621,-0.234,0.273,1.349,0.226,0.542,-0.057,-1.024
1380,15.714,-6.655,292.385,-29.368,65.416,-23.624,-19.38,-1.723,282.016,154.914,37.611,73.73,0.622,-0.232,0.271,1.401,0.243,0.57,-0.054,-1.042
1381,15.481,-6.205,292.805,-26.3,63.683,-23.113,-19.39,-1.331,281.979,161.287,41.238,69.766,0.605,-0.207,0.303,1.458,0.242,0.61,-0.05,-1.057
1382,15.349,-6.518,292.361,-23.11,61.894,-23.165,-18.989,-1.368,281.561,164.272,39.549,70.554,0.59,-0.179,0.29,1.487,0.228,0.638,-0.045,-1.071
1383,15.554,-6.898,291.907,-13.737,60.127,-25.76,-18.721,-1.192,282.43,170.508,39.495,67.08,0.576,-0.096,0.29,1.538,0.247,0.707,-0.041,-1.084
1384,15.843,-6.959,292.359,-10.506,61.953,-28.495,-18.772,-1.327,281.548,176.808,39.683,69.19,0.592,-0.068,0.292,1.6,0.23,0.75,-0.036,-1.094
1385,15.999,-6.989,291.914,-7.316,60.164,-27.194,-18.779,-1.106,281.548,176.808,39.683,71.639,0.578,-0.04,0.292,1.599,0.231,0.765,-0.031,-1.103
1386,16.087,-6.757,291.891,-1.058,56.643,-31.069,-18.725,-0.747,281.976,179.866,41.433,70.64,0.548,0.014,0.307,1.623,0.232,0.804,-0.026,-1.11
1387,16.143,-6.716,291.891,-1.058,56.643,-30.891,-18.855,-0.926,281.535,189.344,39.817,69.573,0.548,0.014,0.293,1.712,0.216,0.847,-0.02,-1.116
1388,16.046,-6.756,292.787,-1.016,60.257,-29.949,-18.731,-0.884,281.071,192.66,41.694,71.673,0.577,0.014,0.311,1.744,0.213,0.862,-0.015,-1.119
1389,15.254,-6.277,291.912,5.289,60.223,-29.45,-18.823,-0.89,280.212,192.466,41.808,71.669,0.576,0.067,0.312,1.748,0.213,0.89,-0.01,-1.122
1390,15.667,-6.436,292.342,2.174,58.468,-34.04,-18.602,-1.112,279.748,195.782,43.685,72.41,0.561,0.041,0.331,1.782,0.197,0.892,-0.004,-1.122
1391,15.474,-6.353,293.228,8.399,62.104,-31.985,-19.238,-1.513,279.32,192.723,41.934,69.826,0.591,0.094,0.313,1.758,0.178,0.906,0.001,-1.122
1392,15.798,-6.261,293.214,8.474,58.561,-34.415,-18.812,-0.983,280.212,192.466,41.808,74.486,0.561,0.095,0.312,1.748,0.18,0.903,0.007,-1.12
1393,15.224,-5.88,292.784,11.589,60.316,-34.364,-18.466,-0.978,279.784,189.408,40.058,68.106,0.575,0.121,0.298,1.723,0.18,0.904,0.012,-1.117
1394,15.302,-6.314,292.784,11.589,60.316,-33.853,-18.879,-1.245,279.356,186.35,38.307,71.952,0.575,0.122,0.281,1.699,0.164,0.892,0.017,-1.113
1395,15.612,-6.771,292.34,14.778,58.527,-34.184,-18.736,-1.386,280.248,186.093,38.181,65.581,0.562,0.151,0.28,1.692,0.182,0.905,0.022,-1.108
1396,15.919,-6.36,293.228,8.399,62.104,-28.453,-18.374,-1.43,280.238,180.05,38.12,71.649,0.592,0.094,0.281,1.637,0.181,0.848,0.026,-1.103
1397,15.867,-6.535,293.207,2.052,58.524,-35.162,-18.909,-1.554,280.679,183.228,36.316,72.777,0.561,0.04,0.262,1.664,0.165,0.834,0.031,-1.096
1398,15.868,-6.134,293.682,-0.974,63.871,-29.862,-18.817,-1.424,280.702,176.734,36.243,70.222,0.606,0.012,0.262,1.604,0.18,0.79,0.036,-1.09
1399,15.568,-6.621,293.231,-4.206,62.046,-29.18,-18.768,-1.376,281.12,173.75,37.932,68.815,0.59,-0.014,0.277,1.575,0.196,0.764,0.04,-1.083
1400,15.955,-7.115,293.255,-10.464,65.567,-30.73,-18.589,-1.918,281.12,173.75,37.932,70.197,0.622,-0.066,0.277,1.577,0.212,0.738,0.044,-1.075
1401,15.873,-7.023,293.278,-16.722,69.089,-31.998,-18.938,-1.726,280.715,164.198,36.109,68.814,0.652,-0.121,0.26,1.492,0.21,0.668,0.049,-1.068
1402,15.669,-7.059,293.281,-29.326,69.03,-31.482,-18.763,-1.906,280.287,161.14,34.359,64.556,0.651,-0.23,0.245,1.467,0.194,0.599,0.053,-1.061
1403,15.902,-7.962,292.853,-38.816,70.726,-33.059,-18.586,-1.594,281.17,154.84,34.171,67.041,0.668,-0.31,0.243,1.404,0.227,0.53,0.057,-1.054
1404,15.402,-8.284,292.005,-51.374,74.155,-25.575,-18.581,-1.95,281.17,154.84,34.171,69.18,0.698,-0.419,0.243,1.406,0.259,0.476,0.061,-1.048
1405,15.613,-8.485,291.556,-67.21,72.271,-26.826,-18.793,-1.857,281.61,145.362,35.788,62.434,0.683,-0.557,0.257,1.318,0.275,0.364,0.065,-1.042
1406,15.561,-9.111,292.034,-82.841,77.559,-27.377,-19.414,-1.858,282.052,148.54,33.984,74.485,0.728,-0.689,0.238,1.344,0.288,0.31,0.069,-1.038
1407,15.482,-9.08,293.353,-92.336,79.382,-23.048,-18.752,-2.212,282.934,142.24,33.797,67.063,0.74,-0.769,0.238,1.285,0.287,0.239,0.074,-1.034
1408,15.536,-8.971,294.251,-104.898,82.938,-23.375,-19.153,-1.768,282.065,136.004,33.85,63.074,0.769,-0.875,0.238,1.231,0.267,0.156,0.078,-1.031
1409,15.062,-8.723,294.695,-108.088,84.727,-22.71,-18.965,-1.994,281.637,132.946,32.1,64.851,0.781,-0.902,0.223,1.206,0.249,0.128,0.083,-1.03
1410,15.396,-8.228,294.695,-108.088,84.727,-22.063,-18.884,-2.304,282.065,136.004,33.85,65.95,0.782,-0.904,0.239,1.233,0.266,0.141,0.087,-1.029
1411,15.474,-8.361,295.163,-117.536,90.037,-23.022,-18.784,-1.993,280.768,126.709,32.153,64.116,0.827,-0.983,0.225,1.153,0.248,0.058,0.091,-1.03
1412,14.977,-7.917,294.291,-123.836,89.944,-25.241,-19.021,-2.299,280.327,123.531,33.957,66.992,0.827,-1.042,0.24,1.127,0.263,0.016,0.096,-1.032
1413,15.171,-8.5,294.291,-123.836,89.944,-21.677,-18.888,-2.565,279.899,120.473,32.206,66.579,0.828,-1.04,0.225,1.102,0.248,0.004,0.1,-1.035
1414,15.387,-8.89,293.863,-133.325,91.64,-17.515,-18.828,-1.987,279.494,110.922,30.383,66.615,0.844,-1.122,0.209,1.015,0.248,-0.08,0.104,-1.039
1415,15.254,-8.969,293.422,-142.74,89.793,-18.412,-18.651,-2.607,279.494,110.922,30.383,63.756,0.829,-1.205,0.21,1.017,0.249,-0.121,0.108,-1.045
1416,15.027,-9.327,293.876,-152.113,91.56,-15.385,-18.958,-2.474,278.625,104.685,30.437,65.838,0.842,-1.283,0.21,0.963,0.23,-0.19,0.112,-1.051
1417,14.93,-9.639,294.32,-155.303,93.349,-15.066,-18.474,-2.695,277.792,92.075,26.863,63.7,0.856,-1.308,0.18,0.851,0.198,-0.259,0.116,-1.059
1418,15.202,-9.798,293.892,-164.793,95.044,-16.508,-18.47,-3.052,277.364,89.017,25.112,63.701,0.873,-1.391,0.164,0.826,0.198,-0.315,0.12,-1.068
1419,15.562,-10.599,293.453,-186.812,93.138,-15.786,-18.769,-3.091,278.674,85.775,26.675,65.143,0.859,-1.581,0.176,0.793,0.231,-0.425,0.123,-1.079
1420,15.377,-10.609,293.897,-190.002,94.927,-11.767,-18.423,-2.787,279.115,88.953,24.872,64.09,0.873,-1.606,0.161,0.819,0.231,-0.425,0.126,-1.091
1421,15.516,-11.127,293.924,-208.865,98.39,-12.818,-18.735,-2.651,279.579,85.638,22.995,67.641,0.903,-1.767,0.143,0.787,0.246,-0.522,0.13,-1.104
1422,15.406,-11.684,293.926,-221.469,98.331,-11.782,-18.599,-2.908,278.71,79.402,23.048,62.346,0.902,-1.874,0.144,0.734,0.229,-0.605,0.133,-1.119
1423,15.232,-12.332,295.245,-230.964,100.154,-6.449,-18.725,-2.919,279.556,79.476,26.488,62.691,0.913,-1.945,0.174,0.732,0.242,-0.643,0.136,-1.135
1424,15.674,-12.89,295.692,-246.758,101.884,-6.071,-19.025,-3.226,280.88,76.354,24.497,65.52,0.928,-2.076,0.154,0.702,0.258,-0.723,0.139,-1.152
1425,15.41,-13.007,296.146,-256.131,103.651,-7.017,-19.262,-3.227,279.129,76.417,24.738,58.677,0.941,-2.153,0.157,0.707,0.222,-0.765,0.141,-1.171
1426,15.546,-13.272,296.59,-259.321,105.44,-5.305,-18.86,-2.856,280.034,76.28,21.057,62.04,0.955,-2.176,0.124,0.702,0.223,-0.778,0.144,-1.191
1427,15.496,-13.458,297.035,-262.51,107.229,-3.648,-19.391,-2.687,279.129,76.417,24.738,62.558,0.969,-2.2,0.156,0.705,0.22,-0.792,0.147,-1.213
1428,15.277,-13.006,298.76,-268.862,103.775,-5.999,-19.002,-2.645,278.665,79.733,26.614,62.666,0.933,-2.242,0.175,0.736,0.17,-0.805,0.149,-1.235
1429,15.385,-12.444,299.202,-259.447,105.623,-7.458,-18.822,-3.137,277.805,79.539,26.729,60.83,0.948,-2.161,0.177,0.738,0.153,-0.765,0.151,-1.259
1430,15.214,-12.405,298.758,-256.257,103.834,-5.028,-18.873,-2.731,276.495,82.781,25.166,66.528,0.934,-2.137,0.164,0.77,0.121,-0.74,0.153,-1.283
1431,15.404,-11.847,298.758,-256.257,103.834,-10.488,-18.871,-3.273,276.054,79.603,26.97,65.077,0.934,-2.139,0.18,0.744,0.121,-0.754,0.155,-1.308
1432,15.418,-11.244,299.186,-246.768,102.138,-6.209,-18.562,-2.518,274.744,82.844,25.407,66.478,0.918,-2.058,0.168,0.775,0.072,-0.702,0.156,-1.333
1433,15.019,-11.176,299.207,-240.421,105.718,-11.694,-18.707,-2.92,273.862,89.144,25.594,67.977,0.947,-2.004,0.17,0.837,0.07,-0.646,0.157,-1.358
1434,15.098,-11.194,298.731,-237.395,100.371,-6.824,-18.422,-3.007,273.862,89.144,25.594,68.677,0.904,-1.981,0.171,0.838,0.057,-0.633,0.157,-1.384
1435,15.503,-11.676,299.614,-237.278,100.442,-4.116,-18.356,-2.607,273.016,89.071,22.154,69.022,0.903,-1.973,0.14,0.838,0.008,-0.633,0.157,-1.409
1436,15.7,-11.584,300.034,-234.21,98.709,-6.727,-18.131,-2.697,272.98,95.444,25.781,73.64,0.888,-1.944,0.174,0.898,0.008,-0.59,0.156,-1.434
1437,15.57,-12.074,300.486,-230.978,100.535,-3.072,-18.534,-2.568,272.99,101.487,25.843,72.904,0.901,-1.912,0.173,0.954,0.007,-0.548,0.155,-1.458
1438,15.808,-12.053,300.906,-227.91,98.802,-2.087,-18.081,-2.441,272.967,107.98,25.915,70.447,0.886,-1.884,0.176,1.014,-0.008,-0.506,0.154,-1.482
1439,15.756,-12.385,301.764,-221.535,95.351,-7.822,-18.36,-2.342,272.967,107.98,25.915,73.282,0.855,-1.824,0.175,1.013,-0.041,-0.476,0.152,-1.505
1440,15.97,-12.256,302.206,-212.12,97.199,-10.047,-18.507,-2.741,272.085,114.28,26.103,71.109,0.87,-1.742,0.176,1.077,-0.058,-0.407,0.15,-1.528
1441,15.936,-11.658,303.086,-199.399,97.328,-7.657,-18.448,-2.353,272.954,120.517,26.049,72.571,0.868,-1.633,0.175,1.13,-0.058,-0.324,0.147,-1.55
1442,15.884,-11.408,305.229,-190.077,92.201,-8.824,-18.498,-2.082,271.63,123.638,28.041,70.072,0.819,-1.545,0.195,1.164,-0.141,-0.269,0.144,-1.57
1443,16.646,-11.003,305.227,-177.472,92.259,-10.131,-18.37,-1.773,270.748,129.938,28.228,70.718,0.822,-1.441,0.198,1.225,-0.156,-0.188,0.14,-1.59
1444,15.843,-10.35,304.78,-161.678,90.529,-10.488,-18.552,-2.496,270.284,133.254,30.105,73.501,0.806,-1.314,0.215,1.261,-0.157,-0.103,0.136,-1.608
1445,15.891,-10.873,304.732,-149.162,83.486,-10.684,-18.333,-2.276,269.402,139.554,30.292,73.609,0.748,-1.208,0.218,1.324,-0.204,-0.02,0.131,-1.624
1446,16.12,-11.023,305.181,-133.326,85.37,-12.338,-17.926,-2.268,269.83,142.612,32.043,70.434,0.763,-1.074,0.236,1.351,-0.187,0.064,0.126,-1.639
1447,15.675,-10.05,305.585,-117.578,80.153,-17.867,-17.589,-2.231,269.389,152.09,30.426,72.983,0.717,-0.945,0.222,1.442,-0.234,0.174,0.12,-1.652
1448,15.901,-10.323,306.003,-101.905,78.478,-18.952,-17.628,-1.874,268.935,161.448,32.364,74.775,0.703,-0.812,0.241,1.532,-0.25,0.284,0.114,-1.663
1449,15.925,-10.291,304.684,-92.411,76.656,-20.32,-17.723,-1.92,268.053,167.748,32.551,77.919,0.691,-0.737,0.243,1.597,-0.25,0.355,0.107,-1.671
1450,16.246,-10.859,304.668,-79.731,73.171,-19.665,-17.911,-1.88,268.039,180.284,32.685,77.537,0.663,-0.629,0.244,1.715,-0.264,0.468,0.1,-1.678
1451,16.627,-9.937,304.642,-60.869,69.708,-22.545,-18.105,-1.388,268.003,186.658,36.312,79.339,0.636,-0.475,0.277,1.774,-0.263,0.578,0.092,-1.683
1452,16.781,-9.466,305.07,-51.379,68.012,-20.051,-17.7,-1.755,267.99,199.194,36.446,77.571,0.621,-0.397,0.28,1.894,-0.278,0.675,0.084,-1.685
1453,16.465,-9.192,304.192,-32.47,68.037,-24.81,-17.833,-1.434,268.859,205.43,36.393,75.462,0.622,-0.241,0.278,1.946,-0.244,0.785,0.075,-1.685
1454,16.745,-8.423,305.041,-19.912,64.608,-25.677,-17.89,-0.91,268.846,217.966,36.527,82.204,0.593,-0.138,0.279,2.063,-0.275,0.893,0.067,-1.682
1455,16.859,-8.495,305.038,-7.307,64.666,-29.447,-17.71,-0.273,268.81,224.34,40.154,81.604,0.594,-0.033,0.314,2.121,-0.259,0.976,0.058,-1.677
1456,16.242,-8.344,304.14,5.256,61.111,-25.985,-17.677,-0.692,268.369,233.818,38.538,80.84,0.564,0.071,0.3,2.216,-0.274,1.076,0.049,-1.669
1457,16.384,-7.827,305.012,11.556,61.203,-30.734,-17.897,-0.458,268.797,236.876,40.288,80.824,0.563,0.122,0.315,2.24,-0.275,1.114,0.04,-1.658
1458,16.295,-7.573,304.565,27.35,59.473,-31.424,-17.772,-0.063,268.784,249.412,40.422,80.135,0.549,0.253,0.317,2.357,-0.273,1.239,0.031,-1.646
1459,16.26,-7.569,303.69,33.655,59.439,-28.061,-17.546,0.344,267.924,249.219,40.537,79.461,0.55,0.306,0.319,2.361,-0.273,1.27,0.021,-1.63
1460,16.552,-7.392,304.562,39.955,59.532,-27.872,-17.449,0.148,267.46,252.534,42.413,81.555,0.551,0.357,0.338,2.398,-0.29,1.311,0.012,-1.613
1461,16.219,-7.123,304.118,43.144,57.743,-33.121,-17.555,-0.161,266.996,255.849,44.29,79.026,0.535,0.384,0.356,2.435,-0.291,1.342,0.002,-1.593
1462,16.531,-7.35,304.132,43.07,61.287,-31.307,-17.628,-0.124,267.46,252.534,42.413,84.347,0.566,0.384,0.338,2.399,-0.274,1.327,-0.007,-1.572
1463,16.683,-7.525,304.118,43.144,57.743,-31.943,-17.198,0.109,266.569,252.791,42.54,77.666,0.537,0.385,0.341,2.408,-0.306,1.33,-0.017,-1.548
1464,16.796,-7.129,303.698,40.076,59.476,-31.514,-17.51,-0.246,267.032,249.476,40.663,83.652,0.553,0.359,0.322,2.374,-0.29,1.302,-0.026,-1.523
1465,16.257,-7.633,303.69,33.655,59.439,-34.765,-17.461,-0.338,267.46,252.534,42.413,77.651,0.55,0.307,0.338,2.399,-0.274,1.287,-0.035,-1.497
1466,16.437,-7.75,303.249,24.24,57.592,-30.916,-17.633,-0.472,267.915,243.176,40.476,78.691,0.536,0.228,0.319,2.307,-0.273,1.204,-0.045,-1.471
1467,16.603,-7.887,303.707,20.975,62.924,-31.39,-17.856,-0.56,267.915,243.176,40.476,78.941,0.581,0.201,0.318,2.308,-0.258,1.188,-0.054,-1.443
1468,16.246,-8.341,302.845,8.492,62.81,-29.364,-17.78,-0.687,267.487,240.117,38.725,77.26,0.58,0.099,0.302,2.283,-0.259,1.123,-0.063,-1.415
1469,16.388,-8.138,303.712,-4.234,62.807,-28.195,-18.038,-1.094,267.928,230.64,40.342,71.808,0.579,-0.009,0.316,2.191,-0.26,1.022,-0.072,-1.387
1470,16.282,-8.71,302.443,-19.86,67.968,-26.565,-17.799,-0.91,268.846,217.966,36.527,77.931,0.624,-0.138,0.28,2.063,-0.21,0.898,-0.08,-1.359
1471,16.212,-9.589,302.446,-32.465,67.91,-28.506,-17.97,-1.894,269.728,211.666,36.34,75.761,0.624,-0.241,0.276,2,-0.194,0.815,-0.088,-1.332
1472,16.198,-9.64,302.041,-48.213,73.127,-28.992,-18.058,-1.844,270.182,202.308,34.402,71.841,0.668,-0.374,0.257,1.909,-0.162,0.704,-0.096,-1.305
1473,16.084,-10.101,302.94,-60.775,76.683,-23.351,-18.45,-1.671,271.074,202.051,34.275,76.407,0.696,-0.476,0.254,1.899,-0.147,0.646,-0.104,-1.28
1474,15.66,-10.535,302.966,-79.638,80.146,-22.068,-18.004,-1.704,271.529,192.693,32.338,71.852,0.723,-0.633,0.237,1.809,-0.132,0.521,-0.111,-1.256
1475,16.334,-9.973,303.403,-89.249,81.898,-19.566,-18.22,-1.3,271.506,186.53,35.831,71.18,0.739,-0.714,0.269,1.75,-0.117,0.449,-0.117,-1.234
1476,15.754,-10.479,302.985,-104.922,83.572,-24.52,-18.392,-1.381,271.969,183.215,33.954,74.721,0.752,-0.845,0.25,1.716,-0.102,0.366,-0.123,-1.213
1477,15.618,-10.217,302.557,-114.412,85.268,-20.553,-18.527,-2.23,271.996,170.798,30.266,73.257,0.767,-0.927,0.215,1.603,-0.102,0.271,-0.129,-1.194
1478,15.673,-10.325,302.56,-127.016,85.209,-22.008,-18.537,-1.791,271.555,167.621,32.07,76.042,0.767,-1.032,0.232,1.574,-0.103,0.201,-0.134,-1.177
1479,15.406,-10.16,302.584,-133.274,88.731,-21.375,-18.511,-2.539,271.15,158.069,30.246,72.945,0.796,-1.085,0.216,1.49,-0.105,0.132,-0.138,-1.162
1480,15.644,-10.022,301.704,-145.996,88.601,-21.192,-18.286,-2.762,272.032,151.769,30.059,70.812,0.798,-1.196,0.214,1.427,-0.07,0.048,-0.142,-1.149
1481,15.53,-10.198,301.738,-158.437,92.101,-17.031,-18.826,-2.89,272.058,139.353,26.371,67.56,0.827,-1.3,0.178,1.312,-0.072,-0.062,-0.146,-1.138
1482,15.404,-10.771,301.289,-174.273,90.217,-16.375,-18.457,-2.62,271.617,136.175,28.175,71.179,0.812,-1.434,0.196,1.283,-0.072,-0.146,-0.149,-1.13
1483,15.06,-10.838,300.861,-183.763,91.913,-15.014,-18.237,-3.298,272.499,129.875,27.987,68.979,0.826,-1.516,0.195,1.223,-0.04,-0.214,-0.152,-1.124
1484,15.591,-11.296,300.433,-193.253,93.609,-17.131,-18.308,-3.191,272.976,114.023,25.977,67.621,0.843,-1.596,0.175,1.073,-0.022,-0.326,-0.154,-1.12
1485,15.328,-11.764,300.459,-212.115,97.072,-10.549,-18.622,-2.962,272.549,110.965,24.226,71.111,0.871,-1.754,0.158,1.045,-0.025,-0.423,-0.156,-1.118
1486,15.36,-11.409,300.914,-221.488,98.839,-9.458,-18.529,-3.768,273.026,95.113,22.215,66.89,0.885,-1.832,0.139,0.899,-0.025,-0.533,-0.158,-1.119
1487,15.31,-12.007,300.464,-237.325,96.954,-13.823,-18.344,-3.551,273.444,92.129,23.905,65.787,0.87,-1.966,0.156,0.869,-0.008,-0.616,-0.159,-1.123
1488,15.367,-11.984,301.363,-249.887,100.51,-16.125,-18.61,-3.362,275.231,85.692,20.037,67.239,0.898,-2.067,0.118,0.803,0.008,-0.697,-0.159,-1.129
1489,15.065,-12.248,299.632,-262.562,103.868,-7.978,-18.385,-3.538,274.362,79.455,20.09,65.478,0.931,-2.185,0.12,0.748,0.04,-0.783,-0.16,-1.137
1490,15.104,-12.808,300.079,-278.356,105.598,-12.307,-18.657,-3.583,274.362,79.455,20.09,66.527,0.944,-2.314,0.119,0.749,0.038,-0.851,-0.159,-1.148
1491,14.745,-13.26,300.964,-290.844,105.61,-6.749,-18.692,-3.489,274.803,69.977,21.707,65.448,0.94,-2.411,0.133,0.659,0.036,-0.945,-0.159,-1.161
1492,15.169,-13.527,300.515,-306.681,103.726,-8.344,-18.649,-3.892,273.529,66.845,16.517,69.697,0.927,-2.547,0.086,0.635,-0.011,-1.031,-0.158,-1.177
1493,14.604,-13.774,301.413,-319.243,107.282,-4.314,-18.383,-3.532,273.506,60.683,20.01,64.79,0.952,-2.645,0.119,0.576,0.001,-1.112,-0.157,-1.195
1494,15.315,-13.463,300.972,-328.658,105.434,-1.222,-18.475,-3.581,272.624,66.983,20.197,60.77,0.94,-2.729,0.121,0.637,-0.014,-1.129,-0.155,-1.215
1495,15.182,-13.684,300.964,-335.08,105.397,0.248,-18.334,-3.087,273.065,70.161,18.393,63.669,0.94,-2.783,0.105,0.664,-0.013,-1.143,-0.154,-1.238
1496,15.358,-14.482,301.411,-350.874,107.127,-2.691,-18.251,-3.31,272.196,63.924,18.447,64.001,0.954,-2.909,0.106,0.609,-0.031,-1.24,-0.152,-1.262
1497,15.395,-14.286,301.414,-363.479,107.069,2.666,-18.297,-3.623,272.66,60.609,16.57,61.193,0.953,-3.016,0.088,0.578,-0.03,-1.309,-0.15,-1.288
1498,15.556,-14.3,300.972,-372.893,105.221,1.149,-18.661,-3.45,272.196,63.924,18.447,64.635,0.939,-3.1,0.104,0.609,-0.031,-1.338,-0.148,-1.317
1499,15.604,-14.832,300.964,-379.315,105.184,1.985,-18.653,-3.487,273.506,60.683,20.01,63.633,0.939,-3.152,0.118,0.576,0.002,-1.377,-0.146,-1.346
1500,15.602,-15.016,300.943,-385.662,101.604,3.431,-18.522,-3.007,273.947,63.861,18.206,60.793,0.909,-3.205,0.102,0.603,-0.012,-1.391,-0.144,-1.378
1501,15.775,-15.398,301.863,-391.878,108.74,9.353,-18.964,-2.564,273.042,63.998,21.886,58.507,0.967,-3.247,0.135,0.605,-0.001,-1.418,-0.142,-1.41
1502,15.461,-15.435,301.842,-398.224,105.16,4.397,-18.831,-2.637,273.911,70.234,21.833,64,0.936,-3.3,0.134,0.661,0,-1.416,-0.14,-1.444
1503,15.678,-15.977,301.842,-398.224,105.16,6.064,-19.025,-2.734,273.875,76.608,25.46,59.689,0.937,-3.298,0.167,0.72,0.015,-1.387,-0.138,-1.479
1504,15.995,-16.257,302.714,-391.924,105.253,0.857,-18.978,-2.606,274.316,79.786,23.656,61.796,0.936,-3.235,0.151,0.748,0,-1.341,-0.135,-1.515
1505,15.953,-15.273,303.142,-382.435,103.557,4.071,-19.013,-2.276,273.457,79.593,23.771,64.003,0.92,-3.154,0.152,0.748,-0.033,-1.304,-0.133,-1.551
1506,16.035,-15.499,303.583,-373.02,105.404,5.714,-18.792,-2.643,273.434,86.086,23.844,60.793,0.935,-3.07,0.153,0.809,-0.033,-1.232,-0.13,-1.587
1507,15.772,-14.473,303.567,-360.34,101.919,-1.451,-18.532,-2.604,273.862,89.144,25.594,62.59,0.905,-2.968,0.17,0.836,-0.032,-1.164,-0.128,-1.624
1508,15.715,-14.282,303.586,-341.389,105.558,0.825,-18.709,-2.558,272.552,92.386,24.031,62.183,0.935,-2.809,0.156,0.87,-0.049,-1.069,-0.126,-1.659
1509,16.23,-12.884,303.559,-322.526,102.095,0.008,-18.631,-3.277,271.67,98.686,24.219,62.944,0.908,-2.656,0.159,0.935,-0.08,-0.96,-0.124,-1.694
1510,16.009,-13.027,303.113,-306.732,100.365,-0.587,-18.083,-2.478,272.098,101.744,25.969,65.135,0.894,-2.528,0.177,0.959,-0.062,-0.878,-0.122,-1.729
1511,16.275,-11.745,302.235,-287.823,100.39,-4.305,-18.276,-2.44,272.539,104.922,24.165,63.964,0.897,-2.38,0.159,0.987,-0.043,-0.784,-0.12,-1.761
1512,15.838,-11.299,303.091,-268.843,96.998,-4.341,-18.232,-2.163,272.085,114.28,26.103,65.846,0.865,-2.216,0.177,1.075,-0.077,-0.659,-0.118,-1.793
1513,16.147,-11.72,301.762,-253.166,95.197,-10.01,-18.183,-2.612,272.49,123.832,27.926,66.19,0.855,-2.092,0.194,1.164,-0.041,-0.547,-0.116,-1.823
1514,15.428,-11.323,301.736,-234.303,91.734,-5.924,-18.195,-1.819,271.166,126.954,29.917,66.12,0.823,-1.935,0.214,1.196,-0.075,-0.453,-0.115,-1.85
1515,15.816,-11.887,301.313,-224.767,93.526,-11.819,-17.889,-1.906,270.712,136.312,31.855,65.122,0.841,-1.855,0.233,1.286,-0.058,-0.369,-0.113,-1.876
1516,15.17,-11.872,300.414,-212.204,89.97,-11.611,-18.516,-2.183,272.022,145.726,29.998,67.893,0.811,-1.755,0.213,1.369,-0.04,-0.271,-0.112,-1.899
1517,15.228,-11.997,300.412,-199.599,90.029,-10.076,-18.702,-1.6,271.558,149.042,31.875,68.881,0.812,-1.648,0.23,1.4,-0.041,-0.201,-0.11,-1.92
1518,15.361,-12.138,299.967,-196.41,88.24,-10.27,-18.074,-1.241,272.855,158.336,33.572,64.101,0.798,-1.623,0.247,1.478,-0.005,-0.146,-0.109,-1.939
1519,15.614,-12.4,299.967,-196.41,88.24,-7.544,-18.253,-1.776,272.437,161.321,31.882,67.625,0.799,-1.622,0.231,1.51,-0.021,-0.131,-0.108,-1.955
1520,15.929,-12.631,299.513,-187.037,86.473,-12.41,-18.476,-1.911,272.437,161.321,31.882,66.187,0.786,-1.544,0.23,1.511,-0.02,-0.089,-0.106,-1.969
1521,15.71,-12.841,298.649,-186.915,86.417,-4.767,-18.037,-1.693,273.296,161.514,31.768,65.117,0.787,-1.547,0.23,1.507,0.014,-0.088,-0.105,-1.98
1522,16.012,-12.955,299.944,-190.152,84.718,-9.436,-18.068,-2.182,272.878,164.499,30.079,69.454,0.771,-1.567,0.214,1.539,-0.034,-0.087,-0.103,-1.99
1523,15.859,-12.383,299.523,-193.22,86.451,-11.24,-18.652,-1.949,273.296,161.514,31.768,70.826,0.786,-1.597,0.228,1.508,-0.004,-0.116,-0.102,-1.998
1524,15.996,-12.649,299.069,-183.847,84.684,-8.843,-18.208,-2.18,273.76,158.199,29.891,66.963,0.773,-1.519,0.211,1.476,-0.001,-0.088,-0.1,-2.004
1525,15.758,-12.404,299.093,-190.105,88.206,-13.494,-18.562,-2.077,273.76,158.199,29.891,71.95,0.802,-1.573,0.21,1.475,0.014,-0.116,-0.099,-2.009
1526,15.793,-12.84,299.965,-183.805,88.298,-11.67,-18.653,-2.276,274.188,161.257,31.641,70.42,0.8,-1.514,0.226,1.502,0.013,-0.074,-0.097,-2.012
1527,14.924,-12.675,299.965,-183.805,88.298,-11.76,-18.605,-2.622,274.188,161.257,31.641,71.513,0.797,-1.514,0.226,1.503,0.011,-0.073,-0.095,-2.014
1528,15.544,-12.58,299.521,-180.615,86.51,-11.707,-17.975,-2.624,275.475,164.509,33.277,68.135,0.785,-1.49,0.242,1.526,0.047,-0.045,-0.094,-2.015
1529,15.454,-12.996,299.09,-177.5,88.264,-14.247,-18.515,-2.679,275.916,167.687,31.474,71.196,0.801,-1.464,0.223,1.553,0.063,-0.016,-0.092,-2.014
1530,15.332,-12.857,298.215,-171.196,88.23,-12.739,-18.19,-2.501,275.916,167.687,31.474,72.298,0.803,-1.415,0.224,1.553,0.081,0.011,-0.09,-2.013
1531,14.87,-12.444,297.771,-168.006,86.442,-11.504,-18.565,-2.99,276.344,170.745,33.224,71.881,0.787,-1.391,0.239,1.58,0.097,0.039,-0.088,-2.01
1532,15.72,-12.869,297.785,-168.081,89.985,-12.313,-18.519,-2.726,276.785,173.923,31.42,74.4,0.82,-1.391,0.222,1.606,0.114,0.053,-0.085,-2.006
1533,15.283,-12.545,297.327,-164.816,84.653,-11.258,-18.606,-2.77,277.213,176.981,33.171,73.315,0.774,-1.366,0.237,1.632,0.115,0.08,-0.083,-2.001
1534,15.185,-12.568,296.897,-161.701,86.408,-10.58,-18.442,-2.862,276.749,180.297,35.047,75.477,0.79,-1.341,0.256,1.665,0.131,0.109,-0.08,-1.995
1535,15.528,-12.805,296.001,-161.743,82.793,-9.914,-18.509,-2.286,277.177,183.355,36.798,77.326,0.763,-1.345,0.271,1.688,0.15,0.122,-0.077,-1.988
1536,15.008,-12.591,296.022,-155.396,86.373,-12.963,-18.336,-2.636,277.177,183.355,36.798,74.521,0.792,-1.291,0.272,1.69,0.164,0.15,-0.074,-1.98
1537,15.367,-12.354,296.022,-155.396,86.373,-11.165,-18.565,-2.366,277.618,186.533,34.994,74.126,0.793,-1.292,0.254,1.715,0.165,0.163,-0.07,-1.971
1538,15.587,-12.39,296.452,-158.511,84.619,-17.326,-18.734,-2.327,277.618,186.533,34.994,75.175,0.777,-1.316,0.253,1.715,0.149,0.149,-0.067,-1.961
1539,15.326,-12.453,296.022,-155.396,86.373,-13.646,-18.657,-2.509,278.046,189.591,36.744,72.279,0.793,-1.291,0.269,1.741,0.181,0.177,-0.063,-1.951
1540,15.278,-12.157,296.442,-152.328,84.641,-15.069,-18.216,-2.281,277.154,189.848,36.871,74.172,0.777,-1.264,0.273,1.748,0.149,0.191,-0.059,-1.94
1541,15.287,-12.232,296.022,-155.396,86.373,-11.448,-18.654,-2.549,277.618,186.533,34.994,72.69,0.793,-1.292,0.254,1.716,0.165,0.164,-0.054,-1.929
1542,15.225,-12.174,295.998,-149.139,82.852,-14.814,-18.474,-2.327,277.618,186.533,34.994,71.604,0.762,-1.239,0.254,1.715,0.15,0.191,-0.05,-1.917
1543,14.914,-12.066,296.022,-155.396,86.373,-12.25,-18.249,-2.814,276.749,180.297,35.047,73.051,0.791,-1.293,0.256,1.665,0.148,0.136,-0.046,-1.905
1544,15.008,-11.893,296.022,-155.396,86.373,-10.072,-18.432,-2.903,276.749,180.297,35.047,73.012,0.792,-1.293,0.256,1.665,0.148,0.136,-0.041,-1.892
1545,15.019,-12.105,296.022,-155.396,86.373,-12.558,-18.432,-2.545,277.191,183.475,33.244,70.93,0.792,-1.293,0.239,1.69,0.149,0.15,-0.037,-1.879
1546,14.931,-12.246,295.57,-158.628,84.548,-12.151,-18.429,-2.546,276.749,180.297,35.047,70.923,0.777,-1.322,0.256,1.664,0.149,0.122,-0.033,-1.866
1547,15.105,-12.235,296.897,-161.701,86.408,-10.79,-18.381,-2.58,276.772,173.803,34.974,70.2,0.79,-1.342,0.255,1.604,0.131,0.079,-0.028,-1.854
1548,14.927,-12.482,296.024,-168.001,86.315,-10.03,-18.525,-2.632,276.785,173.923,31.42,68.016,0.791,-1.4,0.222,1.605,0.132,0.053,-0.024,-1.841
1549,15.236,-12.415,296.024,-168.001,86.315,-11.191,-18.598,-2.721,277.668,167.623,31.233,69.436,0.792,-1.4,0.219,1.543,0.149,0.025,-0.02,-1.828
1550,14.963,-12.739,296.469,-171.191,88.103,-17.249,-18.413,-2.674,277.668,167.623,31.233,66.959,0.805,-1.424,0.22,1.543,0.148,0.011,-0.015,-1.816
1551,14.745,-12.824,296.048,-174.259,89.836,-11.2,-18.693,-3.069,277.668,167.623,31.233,71.624,0.82,-1.452,0.219,1.544,0.163,-0.002,-0.011,-1.804
1552,14.928,-12.735,295.597,-177.491,88.011,-9.73,-18.908,-3.072,276.799,161.387,31.286,67.667,0.807,-1.482,0.219,1.492,0.147,-0.044,-0.007,-1.793
1553,14.702,-12.99,296.471,-183.795,88.045,-11.647,-18.775,-3.248,277.681,155.087,31.099,71.602,0.804,-1.531,0.218,1.43,0.146,-0.099,-0.003,-1.782
1554,15.183,-12.753,295.62,-183.749,91.532,-13.431,-18.626,-3.115,278.145,151.772,29.222,69.465,0.838,-1.536,0.201,1.397,0.181,-0.114,0.001,-1.771
1555,14.914,-12.926,296.065,-186.938,93.321,-14.054,-18.717,-3.119,278.563,148.787,30.911,71.524,0.851,-1.56,0.215,1.368,0.195,-0.141,0.005,-1.762
1556,14.561,-13.102,296.495,-190.053,91.566,-10.845,-18.421,-3.785,278.135,145.729,29.161,67.381,0.833,-1.584,0.201,1.344,0.162,-0.167,0.009,-1.753
1557,15,-13.451,295.647,-202.611,94.995,-12.033,-18.267,-3.423,278.158,139.235,29.088,69.87,0.867,-1.695,0.201,1.284,0.195,-0.251,0.013,-1.744
1558,14.648,-13.307,296.067,-199.543,93.262,-15.116,-18.577,-3.699,278.171,139.355,25.534,68.035,0.849,-1.667,0.167,1.286,0.163,-0.237,0.017,-1.737
1559,14.622,-13.322,296.521,-208.916,95.029,-10.107,-18.411,-4.093,277.73,136.177,27.338,69.827,0.863,-1.745,0.184,1.26,0.161,-0.292,0.021,-1.73
1560,14.611,-13.607,296.091,-205.801,96.784,-10.279,-18.852,-3.779,278.148,133.193,29.027,65.833,0.879,-1.72,0.198,1.23,0.192,-0.291,0.025,-1.724
1561,14.744,-13.664,296.535,-208.991,98.573,-12.273,-18.537,-3.325,278.622,135.92,27.211,64.89,0.894,-1.744,0.182,1.251,0.193,-0.293,0.029,-1.72
1562,14.392,-13.121,296.966,-212.106,96.818,-9.469,-18.499,-3.561,277.73,136.177,27.338,66.936,0.876,-1.77,0.184,1.258,0.159,-0.307,0.033,-1.715
1563,14.703,-13.385,296.535,-208.991,98.573,-14.034,-18.707,-3.782,277.73,136.177,27.338,64.782,0.894,-1.745,0.183,1.259,0.176,-0.292,0.037,-1.712
1564,15.013,-13.609,296.521,-208.916,95.029,-11.316,-18.536,-3.828,277.73,136.177,27.338,70.142,0.864,-1.744,0.184,1.259,0.161,-0.292,0.041,-1.709
1565,14.336,-13.71,296.091,-205.801,96.784,-10.293,-18.312,-3.515,276.871,135.984,27.452,65.864,0.878,-1.719,0.186,1.26,0.161,-0.28,0.044,-1.707
1566,15.047,-13.575,296.091,-205.801,96.784,-9.386,-18.055,-3.696,277.312,139.162,25.648,64.516,0.881,-1.72,0.17,1.288,0.163,-0.265,0.048,-1.706
1567,14.444,-13.913,296.942,-205.848,93.296,-11.966,-18.283,-4.151,276.848,142.477,27.525,65.469,0.847,-1.714,0.187,1.322,0.128,-0.249,0.051,-1.704
1568,14.662,-13.3,297.407,-202.691,98.665,-11.586,-18.223,-3.241,277.298,139.042,29.203,64.559,0.892,-1.687,0.202,1.285,0.159,-0.253,0.054,-1.703
1569,14.78,-13.038,297.394,-202.616,95.122,-14.103,-17.908,-3.604,276.407,139.299,29.329,67.715,0.862,-1.687,0.205,1.293,0.128,-0.251,0.057,-1.703
1570,14.885,-12.667,297.814,-199.548,93.389,-12.667,-18.369,-3.92,275.988,142.284,27.64,66.605,0.846,-1.66,0.188,1.324,0.095,-0.225,0.06,-1.703
1571,14.583,-12.968,296.519,-196.311,95.088,-10.459,-18.323,-3.919,275.561,139.225,25.889,65.477,0.864,-1.638,0.173,1.297,0.112,-0.224,0.063,-1.703
1572,15.04,-12.809,297.814,-199.548,93.389,-17.201,-18.184,-3.382,275.561,139.225,25.889,66.617,0.847,-1.659,0.173,1.295,0.08,-0.239,0.065,-1.703
1573,15.105,-13.02,297.814,-199.548,93.389,-13.055,-18.148,-3.298,275.097,142.541,27.766,69.051,0.847,-1.658,0.191,1.328,0.079,-0.224,0.067,-1.703
1574,15.187,-12.892,297.814,-199.548,93.389,-10.5,-18.017,-3.427,274.656,139.363,29.57,68.35,0.847,-1.659,0.209,1.301,0.078,-0.239,0.069,-1.704
1575,14.737,-12.93,297.814,-199.548,93.389,-9.444,-17.875,-3.244,275.133,136.167,24.139,70.226,0.846,-1.659,0.159,1.269,0.063,-0.253,0.071,-1.705
1576,15.039,-13.385,297.814,-199.548,93.389,-13.467,-18.231,-3.564,275.561,139.225,25.889,67.684,0.847,-1.657,0.173,1.296,0.079,-0.238,0.072,-1.705
1577,14.863,-12.937,297.814,-199.548,93.389,-7.722,-18.266,-3.326,275.133,136.167,24.139,69.174,0.846,-1.659,0.157,1.269,0.063,-0.253,0.073,-1.706
1578,15.269,-13.303,298.258,-202.738,95.178,-9.651,-18.007,-3.434,275.097,142.541,27.766,66.292,0.862,-1.682,0.192,1.328,0.078,-0.238,0.074,-1.708
1579,15.29,-12.936,298.689,-205.853,93.423,-13.024,-18.1,-3.473,275.561,139.225,25.889,65.937,0.845,-1.707,0.174,1.296,0.063,-0.266,0.075,-1.709
1580,15.223,-13.527,298.689,-205.853,93.423,-11.809,-18.236,-3.151,274.237,142.347,27.88,68.74,0.845,-1.705,0.192,1.33,0.045,-0.253,0.076,-1.71
1581,14.972,-13.193,299.133,-209.042,95.212,-13.403,-18.007,-3.253,275.561,139.225,25.889,68.365,0.858,-1.731,0.174,1.295,0.061,-0.28,0.076,-1.712
1582,15.205,-13.191,298.712,-212.111,96.945,-7.406,-18.14,-3.475,274.274,135.974,24.253,64.808,0.875,-1.76,0.159,1.272,0.045,-0.309,0.076,-1.714
1583,14.658,-13.008,299.587,-218.415,96.979,-10.212,-18.236,-3.562,273.81,139.289,26.13,67.659,0.871,-1.809,0.176,1.305,0.025,-0.322,0.076,-1.715
1584,14.77,-13.147,299.143,-215.226,95.19,-8.791,-18.236,-3.652,273.81,139.289,26.13,68.363,0.857,-1.784,0.176,1.305,0.027,-0.307,0.076,-1.718
1585,14.898,-12.666,299.587,-218.415,96.979,-10.211,-18.061,-3.565,273.846,132.915,22.503,69.039,0.872,-1.81,0.143,1.246,0.011,-0.351,0.075,-1.72
1586,14.826,-13.454,299.58,-224.837,96.942,-10.223,-17.969,-3.064,273.382,136.231,24.38,68.752,0.871,-1.862,0.161,1.277,0.01,-0.364,0.075,-1.723
1587,14.789,-13.37,299.59,-231.02,96.92,-13.337,-17.871,-3.339,274.264,129.931,24.192,65.173,0.871,-1.914,0.16,1.215,0.026,-0.418,0.074,-1.725
1588,14.869,-14.037,298.718,-237.32,96.828,-7.453,-18.015,-2.933,273.832,132.796,26.057,67.302,0.873,-1.971,0.177,1.242,0.043,-0.434,0.073,-1.729
1589,14.745,-13.789,299.592,-243.625,96.862,-9.371,-18.013,-3.077,274.274,135.974,24.253,68.378,0.87,-2.02,0.16,1.27,0.026,-0.447,0.071,-1.732
1590,14.598,-14.166,299.614,-237.278,100.442,-6.465,-17.888,-2.759,273.81,139.289,26.13,66.273,0.9,-1.964,0.178,1.302,0.041,-0.405,0.07,-1.736
1591,14.958,-14.024,300.058,-240.468,102.231,-6.216,-18.452,-3.513,274.274,135.974,24.253,70.496,0.915,-1.989,0.158,1.272,0.04,-0.432,0.069,-1.74
1592,14.741,-13.978,300.909,-240.514,98.743,-6.008,-18.292,-2.989,273.382,136.231,24.38,66.89,0.882,-1.984,0.16,1.277,-0.009,-0.432,0.067,-1.745
1593,14.957,-13.491,301.36,-237.283,100.569,-7.488,-18.01,-3.11,272.941,133.053,26.183,68.044,0.897,-1.955,0.178,1.249,-0.01,-0.432,0.066,-1.75
1594,14.7,-13.763,300.93,-234.168,102.323,-5.434,-17.433,-3.116,272.477,136.368,28.06,67.014,0.912,-1.931,0.198,1.283,0.006,-0.404,0.064,-1.754
1595,14.917,-13.431,300.916,-234.093,98.78,-11.659,-17.567,-3.205,272.058,139.353,26.371,70.917,0.883,-1.931,0.182,1.313,-0.025,-0.391,0.062,-1.759
1596,14.857,-13.053,301.778,-221.61,98.895,-8.882,-18.105,-3.034,272.058,139.353,26.371,70.085,0.881,-1.822,0.18,1.312,-0.043,-0.336,0.06,-1.764
1597,14.727,-13.25,301.334,-218.42,97.106,-9.274,-17.745,-2.941,271.64,142.337,24.681,72.995,0.867,-1.797,0.166,1.342,-0.058,-0.309,0.058,-1.769
1598,14.959,-13.15,301.334,-218.42,97.106,-8.882,-17.484,-3.072,270.307,139.416,26.612,73.36,0.868,-1.798,0.186,1.321,-0.075,-0.323,0.056,-1.774
1599,14.828,-14.145,301.334,-218.42,97.106,-8.183,-17.67,-3.127,270.749,142.594,24.808,73.678,0.868,-1.794,0.168,1.349,-0.075,-0.307,0.053,-1.778
1600,14.964,-13.848,301.786,-215.188,98.931,-8.111,-17.361,-3.216,269.889,142.401,24.922,71.905,0.882,-1.765,0.171,1.352,-0.091,-0.294,0.05,-1.783
1601,14.823,-13.63,302.206,-212.12,97.199,-8.293,-17.936,-3.085,269.889,142.401,24.922,73.924,0.866,-1.738,0.169,1.351,-0.109,-0.28,0.047,-1.787
1602,15.137,-13.725,302.206,-212.12,97.199,-10.732,-17.092,-3.082,269.425,145.716,26.799,73.019,0.867,-1.738,0.19,1.385,-0.108,-0.266,0.044,-1.79
1603,14.731,-13.944,302.65,-215.31,98.987,-7.138,-17.844,-3.386,269.889,142.401,24.922,70.068,0.879,-1.761,0.169,1.353,-0.11,-0.293,0.04,-1.794
1604,14.96,-14.022,302.637,-215.235,95.444,-5.561,-17.768,-3.032,269.889,142.401,24.922,70.1,0.85,-1.76,0.169,1.351,-0.124,-0.293,0.037,-1.797
1605,14.958,-14.238,302.637,-215.235,95.444,-8.57,-17.501,-2.805,269.425,145.716,26.799,73.331,0.85,-1.76,0.188,1.384,-0.125,-0.279,0.033,-1.8
1606,14.936,-14.166,302.637,-215.235,95.444,-11.493,-17.322,-2.724,269.425,145.716,26.799,73.324,0.85,-1.76,0.189,1.384,-0.125,-0.279,0.029,-1.803
1607,15.045,-14.029,303.081,-218.425,97.233,-10.445,-17.178,-3.17,268.556,139.48,26.852,67.283,0.864,-1.784,0.191,1.331,-0.143,-0.321,0.024,-1.806
1608,15.047,-13.838,302.637,-215.235,95.444,-11.709,-17.231,-3.393,269.425,145.716,26.799,72.261,0.851,-1.761,0.189,1.386,-0.124,-0.279,0.02,-1.808
1609,15.001,-13.798,303.953,-212.125,97.325,-10.383,-17.67,-3.563,269.461,139.342,23.172,74.352,0.862,-1.727,0.153,1.327,-0.158,-0.292,0.016,-1.811
1610,14.811,-14.003,303.078,-205.82,97.291,-4.075,-17.362,-3.255,269.889,142.401,24.922,68.685,0.864,-1.679,0.171,1.352,-0.125,-0.251,0.011,-1.813
1611,14.864,-14.064,303.522,-209.01,99.08,-10.001,-17.181,-3.167,270.758,148.637,24.869,69.498,0.878,-1.703,0.17,1.406,-0.108,-0.237,0.006,-1.815
1612,15.034,-13.929,303.95,-199.52,97.384,-7.649,-17.625,-3.118,269.425,145.716,26.799,72.626,0.863,-1.622,0.188,1.385,-0.142,-0.209,0.002,-1.816
1613,15.164,-13.979,303.509,-208.935,95.537,-7.667,-17.137,-2.769,270.294,151.952,26.746,68.789,0.849,-1.703,0.189,1.438,-0.124,-0.223,-0.003,-1.818
1614,15.036,-14.023,303.485,-202.677,92.015,-12.474,-17.408,-3.03,270.294,151.952,26.746,70.184,0.819,-1.65,0.188,1.439,-0.139,-0.195,-0.008,-1.819
1615,14.945,-14.038,303.078,-205.82,97.291,-11.171,-17.543,-2.766,270.294,151.952,26.746,74.053,0.864,-1.679,0.187,1.438,-0.108,-0.209,-0.012,-1.82
1616,14.781,-13.701,302.634,-202.63,95.503,-10.004,-17.399,-2.541,270.294,151.952,26.746,74.803,0.85,-1.656,0.188,1.437,-0.108,-0.196,-0.017,-1.82
1617,14.82,-14.154,302.634,-202.63,95.503,-6.093,-17.85,-2.629,269.412,158.252,26.933,71.899,0.85,-1.654,0.188,1.502,-0.125,-0.168,-0.022,-1.821
1618,14.943,-13.768,302.18,-193.257,93.736,-10.328,-17.593,-3.024,269.412,158.252,26.933,70.131,0.837,-1.579,0.189,1.503,-0.123,-0.126,-0.026,-1.821
1619,14.857,-14.521,301.759,-196.326,95.468,-8.086,-17.488,-2.985,269.876,154.937,25.056,74.808,0.853,-1.605,0.172,1.469,-0.106,-0.153,-0.031,-1.82
1620,14.811,-14.837,301.329,-193.211,97.223,-7.19,-17.504,-2.494,269.84,161.31,28.683,72.289,0.868,-1.58,0.206,1.528,-0.075,-0.112,-0.035,-1.819
1621,14.811,-14.404,300.885,-190.021,95.434,-8.654,-17.816,-2.546,270.281,164.488,26.88,76.521,0.855,-1.556,0.187,1.555,-0.074,-0.084,-0.039,-1.818
1622,14.808,-14.446,300.885,-190.021,95.434,-11.805,-17.771,-2.682,270.281,164.488,26.88,75.799,0.855,-1.556,0.188,1.556,-0.073,-0.084,-0.043,-1.817
1623,14.69,-14.21,301.757,-183.721,95.527,-8.951,-17.191,-2.599,270.709,167.547,28.63,74.757,0.853,-1.5,0.206,1.582,-0.073,-0.043,-0.047,-1.815
1624,14.475,-14.137,300.906,-183.674,99.015,-10.69,-17.533,-2.232,271.15,170.725,26.826,73.433,0.884,-1.504,0.187,1.607,-0.041,-0.029,-0.051,-1.812
1625,14.656,-13.329,300.882,-177.416,95.493,-12.035,-17.369,-2.051,270.709,167.547,28.63,72.669,0.855,-1.454,0.205,1.58,-0.056,-0.017,-0.054,-1.81
1626,14.911,-13.407,301.334,-174.185,97.319,-7.922,-17.637,-2.493,270.709,167.547,28.63,76.225,0.87,-1.424,0.204,1.581,-0.057,-0.002,-0.057,-1.806
1627,14.471,-13.642,301.334,-174.185,97.319,-13.776,-17.672,-2.537,270.709,167.547,28.63,78.392,0.868,-1.423,0.204,1.581,-0.058,-0.001,-0.06,-1.803
1628,14.552,-13.34,301.334,-174.185,97.319,-12.647,-17.72,-2.632,271.15,170.725,26.826,77.294,0.868,-1.424,0.187,1.609,-0.057,0.012,-0.063,-1.799
1629,14.82,-13.028,301.754,-171.116,95.586,-15.795,-17.228,-2.412,270.709,167.547,28.63,77.366,0.854,-1.397,0.206,1.581,-0.073,0.011,-0.066,-1.795
1630,14.448,-13.032,301.775,-164.77,99.166,-10.544,-17.09,-2.183,271.15,170.725,26.826,77.405,0.882,-1.344,0.189,1.607,-0.057,0.053,-0.068,-1.79
1631,14.423,-13.037,301.783,-158.348,99.203,-14.202,-17.759,-2.506,271.15,170.725,26.826,77.983,0.883,-1.29,0.186,1.608,-0.058,0.082,-0.07,-1.785
1632,14.453,-12.504,301.331,-161.58,97.377,-15.475,-16.906,-2.106,271.15,170.725,26.826,80.953,0.869,-1.321,0.19,1.607,-0.056,0.066,-0.073,-1.779
1633,14.772,-12.863,300.901,-158.465,99.132,-18.347,-17.14,-2.323,271.16,176.768,26.887,77.382,0.886,-1.295,0.189,1.664,-0.039,0.108,-0.075,-1.774
1634,14.791,-12.983,300.456,-155.275,97.343,-17.902,-17.363,-2.097,271.578,173.783,28.577,78.051,0.872,-1.27,0.204,1.633,-0.022,0.108,-0.076,-1.767
1635,14.317,-12.663,300.456,-155.275,97.343,-19.092,-17.004,-1.92,272.006,176.841,30.327,76.749,0.87,-1.271,0.221,1.658,-0.006,0.121,-0.078,-1.761
1636,14.448,-13.114,300.026,-152.16,99.098,-16.118,-17.452,-1.924,272.019,176.961,26.773,78.758,0.887,-1.245,0.186,1.659,-0.006,0.136,-0.08,-1.754
1637,14.568,-13.017,300.456,-155.275,97.343,-16.453,-17.755,-1.74,272.019,176.961,26.773,79.087,0.871,-1.27,0.185,1.659,-0.022,0.122,-0.081,-1.747
1638,14.61,-13.254,300.877,-152.207,95.61,-15.046,-17.454,-2.285,272.447,180.019,28.523,75.184,0.856,-1.241,0.202,1.687,-0.022,0.15,-0.082,-1.74
1639,14.221,-13.381,300.884,-145.786,95.647,-13.672,-17.624,-1.972,271.555,180.276,28.65,77.661,0.855,-1.186,0.204,1.693,-0.04,0.18,-0.083,-1.732
1640,14.576,-13.112,300.884,-145.786,95.647,-17.276,-17.322,-1.698,272.46,180.139,24.969,74.561,0.856,-1.187,0.17,1.686,-0.037,0.178,-0.083,-1.724
1641,14.739,-12.932,301.305,-142.717,93.914,-14.354,-17.456,-2.452,272.447,180.019,28.523,78.051,0.84,-1.16,0.202,1.687,-0.037,0.192,-0.084,-1.716
1642,14.488,-13.338,300.44,-142.596,93.859,-20.342,-17.326,-2.285,271.983,183.335,30.4,78.378,0.842,-1.161,0.221,1.72,-0.022,0.208,-0.084,-1.708
1643,14.172,-13.393,300.01,-139.481,95.613,-14.739,-17.225,-2.69,271.542,180.157,32.204,80.153,0.857,-1.136,0.238,1.695,-0.006,0.209,-0.085,-1.699
1644,14.278,-13.076,300.01,-139.481,95.613,-18.417,-17.502,-2.416,272.019,176.961,26.773,78.752,0.857,-1.137,0.186,1.661,-0.021,0.193,-0.085,-1.69
1645,14.241,-12.818,299.555,-130.108,93.846,-17.286,-16.967,-2.903,272.447,180.019,28.523,79.929,0.843,-1.061,0.204,1.689,-0.003,0.249,-0.085,-1.681
1646,14.127,-12.389,299.555,-130.108,93.846,-20.892,-17.23,-2.284,272.019,176.961,26.773,79.144,0.843,-1.062,0.187,1.661,-0.02,0.234,-0.085,-1.672
1647,13.642,-12.912,299.111,-126.918,92.058,-19.883,-17.223,-2.769,272.437,173.976,28.462,76.628,0.827,-1.035,0.203,1.632,-0.004,0.236,-0.085,-1.663
1648,14.084,-12.202,297.364,-126.914,91.931,-17.602,-17.402,-2.725,272.901,170.661,26.585,72.727,0.832,-1.043,0.184,1.598,0.032,0.221,-0.085,-1.653
1649,13.277,-12.302,297.816,-123.682,93.756,-22.651,-17.217,-2.539,272.901,170.661,26.585,78.511,0.844,-1.014,0.185,1.598,0.03,0.235,-0.085,-1.644
1650,13.382,-11.951,297.386,-120.567,95.511,-23.216,-17.312,-2.148,272.496,161.11,24.762,78.732,0.861,-0.99,0.168,1.51,0.03,0.205,-0.084,-1.634
1651,13.127,-11.799,298.258,-114.267,95.604,-22.081,-17.398,-2.728,272.937,164.288,22.958,80.538,0.858,-0.934,0.151,1.539,0.013,0.248,-0.084,-1.625
1652,13.784,-11.668,298.244,-114.192,92.06,-21.363,-17.26,-2.497,273.365,167.346,24.709,77.797,0.83,-0.934,0.167,1.564,0.016,0.261,-0.083,-1.615
1653,13.431,-11.318,297.792,-117.424,90.235,-21.353,-17.18,-2.452,273.365,167.346,24.709,73.141,0.815,-0.964,0.167,1.564,0.016,0.246,-0.082,-1.606
1654,13.63,-12.087,298.664,-111.124,90.328,-23.091,-16.447,-2.725,273.829,164.03,22.832,73.228,0.814,-0.905,0.152,1.531,0.001,0.26,-0.081,-1.596
1655,13.763,-11.996,298.664,-111.124,90.328,-20.577,-17.03,-2.725,272.96,157.794,22.885,75.561,0.814,-0.905,0.151,1.478,-0.016,0.233,-0.08,-1.587
1656,13.79,-12.333,298.664,-111.124,90.328,-20.547,-16.848,-2.628,273.378,154.81,24.575,77.119,0.814,-0.904,0.167,1.448,0,0.22,-0.079,-1.578
1657,13.916,-11.63,298.641,-104.866,86.806,-22.856,-17.164,-2.627,272.96,157.794,22.885,80.254,0.785,-0.853,0.151,1.478,-0.032,0.26,-0.078,-1.568
1658,13.732,-11.838,298.641,-104.866,86.806,-17.733,-17.337,-2.941,272.96,157.794,22.885,76.299,0.784,-0.852,0.15,1.479,-0.032,0.261,-0.077,-1.559
1659,13.849,-12.234,299.085,-108.056,88.595,-21.689,-16.714,-2.988,272.96,157.794,22.885,74.632,0.799,-0.877,0.152,1.479,-0.032,0.247,-0.076,-1.55
1660,14.037,-12.038,299.505,-104.987,86.862,-25.87,-16.632,-3.396,272.091,151.558,22.939,74.933,0.783,-0.85,0.154,1.427,-0.065,0.234,-0.075,-1.542
1661,14.371,-11.526,299.515,-111.171,86.84,-22.975,-17.473,-3.389,272.091,151.558,22.939,74.507,0.784,-0.904,0.151,1.427,-0.066,0.205,-0.074,-1.533
1662,13.693,-11.85,299.071,-107.981,85.051,-22.902,-16.981,-3.566,272.091,151.558,22.939,81.34,0.768,-0.878,0.152,1.428,-0.065,0.221,-0.074,-1.524
1663,13.788,-12.202,299.515,-111.171,86.84,-23.774,-16.718,-3.16,271.663,148.5,21.188,78.825,0.782,-0.902,0.137,1.4,-0.082,0.193,-0.073,-1.516
1664,13.722,-11.989,299.515,-111.171,86.84,-20.876,-16.765,-3.126,272.973,145.258,22.751,74.589,0.782,-0.903,0.151,1.363,-0.049,0.178,-0.073,-1.508
1665,13.772,-11.981,299.967,-107.939,88.666,-20.548,-16.851,-3.569,272.104,139.022,22.805,75.27,0.797,-0.874,0.152,1.311,-0.067,0.165,-0.073,-1.501
1666,14.176,-12.067,299.064,-114.402,85.014,-20.131,-16.61,-3.427,273.009,138.884,19.124,77.506,0.769,-0.931,0.118,1.305,-0.062,0.136,-0.073,-1.494
1667,13.625,-11.939,299.095,-114.239,88.573,-19.188,-16.669,-3.425,272.568,135.706,20.928,77.103,0.798,-0.93,0.134,1.277,-0.049,0.122,-0.073,-1.487
1668,13.787,-11.844,299.529,-111.245,90.383,-20.964,-16.976,-3.213,272.545,142.2,21.001,77.738,0.812,-0.904,0.134,1.337,-0.05,0.164,-0.073,-1.481
1669,13.953,-12.17,299.087,-120.66,88.536,-26.116,-16.8,-3.523,272.104,139.022,22.805,76.012,0.798,-0.984,0.152,1.311,-0.05,0.109,-0.073,-1.475
1670,13.824,-11.808,298.643,-117.471,86.747,-19.452,-16.541,-2.897,272.104,139.022,22.805,76.727,0.784,-0.96,0.153,1.308,-0.049,0.122,-0.073,-1.469
1671,14.18,-12.242,299.087,-120.66,88.536,-18.829,-16.926,-3.339,272.568,135.706,20.928,74.218,0.799,-0.984,0.134,1.277,-0.048,0.094,-0.073,-1.464
1672,14.092,-12.239,299.087,-120.66,88.536,-18.712,-16.568,-3.612,272.986,132.722,22.617,74.984,0.799,-0.984,0.15,1.248,-0.032,0.081,-0.073,-1.459
1673,13.905,-11.854,299.539,-117.429,90.362,-26.767,-17.114,-3.08,272.568,135.706,20.928,74.886,0.812,-0.956,0.133,1.276,-0.05,0.107,-0.073,-1.455
1674,13.97,-11.538,299.087,-120.66,88.536,-21.265,-16.667,-3.61,272.568,135.706,20.928,71.379,0.798,-0.986,0.134,1.278,-0.048,0.093,-0.073,-1.451
1675,14.049,-11.678,299.087,-120.66,88.536,-18.721,-16.664,-3.435,272.568,135.706,20.928,72.101,0.799,-0.986,0.134,1.277,-0.048,0.093,-0.074,-1.447
1676,14.132,-11.568,298.643,-117.471,86.747,-18.765,-16.435,-3.433,272.14,132.648,19.178,71.766,0.785,-0.961,0.119,1.251,-0.063,0.094,-0.074,-1.444
1677,14.186,-11.846,299.087,-120.66,88.536,-21.915,-16.88,-3.388,272.559,129.664,20.867,74.903,0.799,-0.985,0.133,1.221,-0.049,0.067,-0.074,-1.441
1678,14.006,-12.193,299.087,-120.66,88.536,-25.365,-16.476,-3.068,273.023,126.348,18.99,76.446,0.799,-0.984,0.117,1.187,-0.047,0.052,-0.074,-1.439
1679,13.691,-12.194,299.097,-126.844,88.514,-21.483,-16.882,-3.654,272.559,129.664,20.867,72.083,0.797,-1.037,0.133,1.222,-0.05,0.04,-0.074,-1.436
1680,14.005,-11.857,298.667,-123.729,90.269,-23.42,-16.477,-3.698,272.986,132.722,22.617,73.588,0.814,-1.013,0.151,1.248,-0.016,0.067,-0.075,-1.435
1681,13.951,-12.155,299.097,-126.844,88.514,-21.909,-16.401,-3.161,272.559,129.664,20.867,71.443,0.798,-1.037,0.135,1.22,-0.049,0.039,-0.075,-1.433
1682,14.033,-12.267,299.097,-126.844,88.514,-16.603,-16.617,-3.486,272.986,132.722,22.617,72.8,0.798,-1.036,0.15,1.248,-0.033,0.053,-0.075,-1.432
1683,13.897,-11.894,298.247,-126.797,92.002,-20.178,-16.707,-3.244,272.559,129.664,20.867,73.912,0.83,-1.04,0.134,1.22,-0.017,0.039,-0.075,-1.431
1684,13.919,-11.759,298.225,-133.143,88.421,-22.559,-16.64,-3.291,273.023,126.348,18.99,74.645,0.8,-1.095,0.116,1.187,-0.031,-0.004,-0.075,-1.43
1685,14.001,-11.971,297.795,-130.029,90.176,-17.298,-16.922,-3.29,273.892,132.584,18.937,76.101,0.816,-1.069,0.114,1.241,0.002,0.038,-0.075,-1.43
1686,13.806,-12.566,298.239,-133.218,91.965,-21.433,-16.663,-3.433,273.023,126.348,18.99,71.327,0.829,-1.093,0.116,1.188,-0.016,-0.003,-0.075,-1.43
1687,13.595,-12.672,298.67,-136.333,90.21,-22.752,-16.75,-3.877,272.595,123.29,17.24,77.048,0.813,-1.117,0.1,1.163,-0.049,-0.029,-0.075,-1.43
1688,13.364,-12.785,298.67,-136.333,90.21,-19.46,-17.146,-3.561,273.023,126.348,18.99,74.923,0.812,-1.117,0.114,1.188,-0.034,-0.016,-0.075,-1.431
1689,13.939,-12.823,298.67,-136.333,90.21,-19.617,-16.923,-3.65,273.868,126.422,22.43,74.621,0.814,-1.117,0.147,1.186,0,-0.015,-0.075,-1.432
1690,13.658,-12.562,298.249,-139.401,91.943,-24.046,-16.609,-3.835,273.868,126.422,22.43,75.696,0.829,-1.145,0.148,1.186,0.016,-0.029,-0.075,-1.433
1691,13.863,-12.54,298.239,-133.218,91.965,-22.233,-17.003,-3.386,274.332,123.107,20.553,76.715,0.83,-1.093,0.129,1.152,0.017,-0.017,-0.074,-1.435
1692,13.643,-12.29,297.795,-130.029,90.176,-19.868,-17.052,-3.16,273.405,129.737,24.307,80.281,0.815,-1.068,0.164,1.217,0.015,0.026,-0.074,-1.436
1693,14.049,-11.903,297.795,-130.029,90.176,-19.203,-16.965,-3.2,273.45,129.407,20.741,75.707,0.816,-1.069,0.131,1.214,0.001,0.024,-0.073,-1.438
1694,13.387,-11.99,297.372,-120.492,91.968,-25.006,-17.024,-3.2,273.428,135.9,20.814,76.756,0.83,-0.989,0.132,1.274,0.016,0.095,-0.073,-1.44
1695,13.827,-12.033,297.372,-120.492,91.968,-19.791,-16.686,-3.07,274.319,135.643,20.687,77.507,0.832,-0.989,0.131,1.267,0.035,0.094,-0.072,-1.442
1696,13.778,-11.816,296.92,-123.724,90.142,-19.77,-17.01,-3.303,274.319,135.643,20.687,82.417,0.817,-1.019,0.13,1.268,0.035,0.079,-0.071,-1.443
1697,13.298,-12.123,297.348,-114.234,88.446,-23.128,-17.053,-2.989,273.855,138.958,22.564,81.705,0.8,-0.935,0.148,1.3,0.017,0.136,-0.07,-1.445
1698,13.823,-11.858,297.348,-114.234,88.446,-21.813,-16.611,-3.792,274.283,142.016,24.314,73.939,0.802,-0.936,0.165,1.329,0.035,0.151,-0.069,-1.446
1699,13.647,-11.854,296.473,-107.929,88.412,-21.252,-17.197,-3.849,274.283,142.016,24.314,78.799,0.803,-0.885,0.163,1.329,0.051,0.179,-0.068,-1.447
1700,13.904,-12.077,297.776,-104.745,86.75,-21.549,-16.918,-3.521,275.152,148.253,24.261,79.249,0.786,-0.853,0.163,1.381,0.036,0.22,-0.067,-1.448
1701,14.006,-11.458,297.314,-101.793,84.946,-18.672,-17.103,-3.527,275.116,154.626,27.888,78.539,0.773,-0.831,0.196,1.44,0.052,0.26,-0.066,-1.448
1702,13.51,-11.552,297.766,-98.561,86.772,-24.581,-17.188,-3.113,275.557,157.804,26.084,83.248,0.785,-0.802,0.179,1.466,0.051,0.288,-0.064,-1.448
1703,13.468,-11.461,297.322,-95.371,84.983,-22.01,-17.009,-3.259,275.521,164.178,29.711,82.835,0.771,-0.776,0.213,1.525,0.068,0.331,-0.063,-1.447
1704,13.836,-11.511,296.867,-85.998,83.216,-23.941,-17.342,-3.487,275.508,176.714,29.845,82.096,0.758,-0.697,0.213,1.642,0.069,0.429,-0.061,-1.446
1705,13.875,-11.414,296.423,-82.809,81.427,-23.487,-17.165,-3.359,275.508,176.714,29.845,81.064,0.744,-0.671,0.213,1.641,0.071,0.443,-0.06,-1.444
1706,13.659,-11.019,296.431,-76.387,81.464,-24.202,-17.302,-3.26,275.913,186.266,31.669,83.502,0.744,-0.618,0.229,1.726,0.086,0.512,-0.058,-1.441
1707,13.257,-11.206,296.421,-70.204,81.486,-23.119,-17.571,-3.046,275.459,195.624,33.606,84.586,0.743,-0.564,0.247,1.815,0.085,0.582,-0.056,-1.437
1708,13.202,-10.805,296.849,-60.714,79.79,-26.572,-17.616,-2.556,275.9,198.802,31.803,83.108,0.727,-0.483,0.23,1.839,0.069,0.636,-0.054,-1.432
1709,13.128,-10.05,295.974,-54.41,79.756,-29.553,-17.851,-2.833,275.446,208.16,33.74,84.083,0.729,-0.433,0.247,1.93,0.086,0.706,-0.052,-1.427
1710,13.376,-10.869,295.551,-44.873,81.548,-25.636,-17.75,-2.517,275.446,208.16,33.74,84.577,0.746,-0.349,0.247,1.929,0.103,0.75,-0.05,-1.42
1711,13.039,-10.46,294.655,-44.915,77.933,-30.035,-17.485,-2.558,275.851,217.712,35.564,86.383,0.716,-0.352,0.265,2.014,0.121,0.792,-0.047,-1.412
1712,13.427,-10.985,294.222,-29.196,79.747,-32.316,-17.416,-2.065,275.86,223.754,35.625,85.363,0.734,-0.215,0.266,2.068,0.139,0.89,-0.045,-1.403
1713,13.333,-10.171,294.652,-32.311,77.992,-30.711,-17.68,-2.111,275.837,230.248,35.698,84.197,0.717,-0.244,0.265,2.128,0.122,0.903,-0.042,-1.393
1714,13.337,-10.034,294.198,-22.938,76.225,-31.078,-17.413,-1.721,275.419,233.232,34.008,83.191,0.703,-0.164,0.251,2.157,0.108,0.958,-0.039,-1.382
1715,13.273,-9.941,293.333,-22.816,76.169,-32.447,-17.363,-1.636,275.847,236.291,35.759,87.096,0.705,-0.164,0.267,2.182,0.141,0.973,-0.037,-1.37
1716,13.452,-9.415,293.333,-22.816,76.169,-34.53,-17.319,-1.845,275.847,236.291,35.759,86.416,0.705,-0.166,0.267,2.182,0.142,0.972,-0.034,-1.357
1717,13.838,-9.757,293.31,-16.558,72.648,-28.502,-17.405,-1.715,275.847,236.291,35.759,85.277,0.676,-0.11,0.267,2.182,0.127,1.001,-0.031,-1.342
1718,14.012,-9.725,294.182,-10.258,72.74,-31.126,-17.463,-1.681,275.383,239.606,37.635,92.369,0.676,-0.056,0.284,2.216,0.109,1.043,-0.028,-1.327
1719,13.302,-9.465,294.182,-10.258,72.74,-32.422,-17.639,-1.809,275.847,236.291,35.759,86.286,0.673,-0.057,0.266,2.182,0.108,1.027,-0.025,-1.311
1720,13.419,-9.818,293.751,-7.143,74.495,-36.317,-17.453,-1.624,275.847,236.291,35.759,90.618,0.69,-0.028,0.267,2.182,0.126,1.042,-0.022,-1.294
1721,13.217,-9.417,294.182,-10.258,72.74,-34.237,-17.502,-1.942,275.419,233.232,34.008,83.47,0.673,-0.057,0.251,2.158,0.092,1.014,-0.019,-1.277
1722,13.705,-9.563,294.602,-7.19,71.007,-35.063,-17.272,-1.89,275.847,236.291,35.759,87.119,0.659,-0.03,0.267,2.183,0.094,1.04,-0.016,-1.259
1723,13.551,-9.863,295.046,-10.38,72.796,-35.817,-17.457,-2.026,275.847,236.291,35.759,87.395,0.672,-0.056,0.267,2.183,0.092,1.026,-0.013,-1.241
1724,13.781,-9.376,295.057,-16.563,72.774,-34.253,-17.324,-1.677,275.419,233.232,34.008,85.616,0.673,-0.111,0.251,2.157,0.076,0.984,-0.01,-1.223
1725,13.905,-9.111,295.477,-13.495,71.041,-37.39,-17.013,-1.941,275.883,229.917,32.132,84.597,0.658,-0.085,0.235,2.124,0.061,0.981,-0.007,-1.204
1726,13.559,-9.761,295.501,-19.753,74.563,-34.117,-17.31,-1.938,275.014,223.681,32.185,87.049,0.687,-0.137,0.235,2.073,0.058,0.928,-0.005,-1.186
1727,13.735,-9.707,296.352,-19.8,71.076,-31.242,-16.745,-1.712,275.455,226.859,30.381,86.441,0.655,-0.137,0.22,2.098,0.028,0.94,-0.002,-1.167
1728,13.755,-9.693,296.352,-19.8,71.076,-30.907,-16.917,-2.117,275.014,223.681,32.185,86.775,0.655,-0.137,0.236,2.074,0.027,0.927,0,-1.149
1729,13.694,-9.889,295.931,-22.868,72.808,-33.536,-17.322,-1.799,273.681,220.76,34.115,89.502,0.671,-0.163,0.254,2.055,0.024,0.903,0.002,-1.131
1730,14.272,-9.834,296.806,-29.173,72.843,-32.059,-17.636,-2.025,273.681,220.76,34.115,84.521,0.671,-0.217,0.253,2.056,0.007,0.874,0.004,-1.113
1731,13.885,-9.69,296.796,-22.989,72.864,-32.052,-17.281,-1.658,272.394,217.508,32.479,82.427,0.67,-0.164,0.24,2.034,-0.026,0.888,0.005,-1.096
1732,13.965,-9.791,297.25,-32.362,74.631,-29.36,-17.369,-1.933,272.848,208.15,30.541,86.611,0.685,-0.244,0.221,1.945,-0.026,0.804,0.006,-1.079
1733,14.504,-9.767,297.25,-32.362,74.631,-31.856,-17.046,-1.432,273.276,211.208,32.292,85.327,0.686,-0.244,0.238,1.968,-0.009,0.816,0.007,-1.063
1734,14.225,-9.534,298.125,-38.667,74.665,-34.999,-16.967,-1.714,272.848,208.15,30.541,85.253,0.684,-0.298,0.223,1.944,-0.043,0.774,0.008,-1.047
1735,14.014,-10.311,298.117,-45.088,74.628,-30.468,-16.924,-1.451,272.407,204.972,32.345,81.972,0.683,-0.35,0.24,1.916,-0.044,0.732,0.008,-1.032
1736,14.32,-10.038,298.127,-51.272,74.607,-25.167,-16.786,-1.801,271.979,201.914,30.595,81.722,0.683,-0.403,0.225,1.892,-0.06,0.692,0.008,-1.018
1737,14.102,-10.315,298.572,-54.461,76.395,-31.283,-16.975,-2.02,271.538,198.736,32.399,79.864,0.697,-0.429,0.241,1.866,-0.062,0.664,0.008,-1.004
1738,13.816,-10.227,299.446,-60.766,76.429,-31.291,-16.744,-1.84,271.574,192.362,28.772,80.995,0.694,-0.481,0.208,1.806,-0.095,0.606,0.007,-0.992
1739,14.078,-9.928,300.342,-60.724,80.044,-32.371,-16.695,-1.747,272.038,189.047,26.895,78.552,0.724,-0.481,0.19,1.771,-0.095,0.59,0.007,-0.98
1740,14.098,-9.685,300.352,-66.907,80.022,-30.361,-16.384,-1.837,271.147,189.304,27.021,76.8,0.723,-0.534,0.193,1.78,-0.112,0.564,0.005,-0.97
1741,13.967,-10.118,300.335,-67.145,80.007,-27.342,-16.512,-2.238,270.278,183.067,27.075,78.157,0.723,-0.534,0.194,1.729,-0.13,0.538,0.004,-0.96
1742,14.711,-10.139,299.893,-76.56,78.159,-31.236,-16.242,-1.843,270.742,179.752,25.198,77.099,0.711,-0.615,0.177,1.693,-0.126,0.48,0.002,-0.952
1743,14.355,-10.538,299.486,-79.703,83.436,-25.988,-16.294,-1.921,269.445,170.458,23.501,75.329,0.755,-0.641,0.162,1.614,-0.129,0.427,0,-0.944
1744,14.579,-10.701,299.486,-79.703,83.436,-22.932,-16.548,-2.231,270.336,170.2,23.375,80.675,0.756,-0.64,0.159,1.607,-0.112,0.426,-0.002,-0.938
1745,14.697,-10.899,299.917,-82.818,81.681,-25.423,-16.639,-2.6,270.327,164.158,23.314,77.749,0.741,-0.665,0.158,1.552,-0.129,0.386,-0.005,-0.933
1746,14.213,-11.382,299.919,-95.423,81.622,-21.976,-16.951,-2.582,270.363,157.784,19.686,78.142,0.738,-0.77,0.123,1.492,-0.146,0.302,-0.007,-0.929
1747,13.965,-11.05,299.513,-98.566,86.899,-23.623,-16.779,-2.716,269.922,154.606,21.49,74.198,0.783,-0.799,0.141,1.465,-0.115,0.274,-0.01,-0.926
1748,13.845,-11.368,300.387,-104.871,86.933,-26.059,-16.903,-3.125,270.804,148.306,21.303,77.03,0.781,-0.849,0.138,1.402,-0.116,0.218,-0.013,-0.924
1749,14.04,-11.665,299.936,-108.102,85.107,-22.258,-16.451,-2.504,271.245,151.484,19.499,74.949,0.767,-0.877,0.123,1.428,-0.113,0.218,-0.016,-0.924
1750,14.37,-11.448,299.515,-111.171,86.84,-22.989,-16.901,-2.19,272.091,151.558,22.939,79.506,0.784,-0.905,0.153,1.423,-0.065,0.203,-0.02,-0.924
1751,14.004,-10.993,299.96,-114.36,88.629,-23.488,-16.718,-2.583,271.663,148.5,21.188,77.804,0.797,-0.932,0.137,1.398,-0.082,0.175,-0.023,-0.926
1752,14.103,-11.361,299.515,-111.171,86.84,-22.847,-16.895,-2.5,271.232,151.364,23.053,75.58,0.783,-0.905,0.154,1.427,-0.082,0.203,-0.026,-0.929
1753,13.465,-11.446,299.96,-114.36,88.629,-22.171,-16.435,-2.718,271.65,148.38,24.743,76.738,0.795,-0.93,0.171,1.397,-0.067,0.176,-0.029,-0.933
1754,13.429,-11.445,299.095,-114.239,88.573,-21.001,-17.34,-2.456,271.65,148.38,24.743,77.327,0.797,-0.932,0.168,1.396,-0.052,0.176,-0.032,-0.937
1755,13.468,-11.096,299.071,-107.981,85.051,-23.489,-16.84,-2.454,272.555,148.243,21.062,79.209,0.767,-0.88,0.135,1.39,-0.064,0.202,-0.035,-0.942
1756,13.776,-11.405,299.515,-111.171,86.84,-23.631,-16.702,-2.01,272.555,148.243,21.062,79.561,0.782,-0.905,0.136,1.389,-0.064,0.188,-0.038,-0.948
1757,13.964,-11.092,299.085,-108.056,88.595,-20.378,-16.754,-2.055,272.555,148.243,21.062,73.833,0.799,-0.881,0.135,1.389,-0.048,0.201,-0.04,-0.955
1758,13.272,-10.894,299.085,-108.056,88.595,-25.28,-17.102,-2.366,272.983,151.301,22.812,78.469,0.797,-0.881,0.15,1.416,-0.033,0.215,-0.043,-0.962
1759,13.651,-10.912,298.641,-104.866,86.806,-25.624,-16.985,-2.41,272.519,154.616,24.689,76.332,0.784,-0.856,0.168,1.45,-0.033,0.244,-0.045,-0.969
1760,13.083,-10.6,298.21,-101.751,88.561,-23.995,-17.07,-2.23,272.055,157.932,26.566,79.879,0.798,-0.831,0.186,1.483,-0.018,0.273,-0.048,-0.976
1761,13.345,-10.451,297.766,-98.561,86.772,-25.691,-16.979,-1.884,272.924,164.168,26.512,79.902,0.785,-0.806,0.185,1.535,0,0.314,-0.05,-0.984
1762,13.549,-10.812,298.186,-95.493,85.039,-23.323,-16.852,-1.794,272.506,167.152,24.823,80.29,0.77,-0.777,0.17,1.565,-0.031,0.341,-0.052,-0.992
1763,13.727,-10.756,297.773,-92.14,86.809,-27.726,-17.123,-1.79,272.506,167.152,24.823,83.832,0.786,-0.75,0.169,1.565,-0.015,0.356,-0.053,-0.999
1764,13.482,-10.611,298.194,-89.072,85.076,-21.787,-17.203,-1.697,272.47,173.526,28.45,80.245,0.77,-0.723,0.203,1.624,-0.016,0.397,-0.055,-1.006
1765,13.21,-10.183,297.319,-82.767,85.042,-24.485,-16.986,-2.054,273.339,179.762,28.397,77.829,0.771,-0.673,0.202,1.678,0.018,0.453,-0.056,-1.013
1766,13.528,-10.411,297.319,-82.767,85.042,-24.544,-17.133,-2.022,274.208,185.999,28.343,82.713,0.772,-0.672,0.201,1.73,0.036,0.48,-0.057,-1.02
1767,13.458,-10.352,296.875,-79.577,83.253,-23.699,-17.223,-1.574,273.767,195.476,26.727,80.59,0.757,-0.646,0.186,1.819,0.02,0.537,-0.058,-1.026
1768,14.005,-10.436,297.303,-70.087,81.557,-25.302,-17.317,-1.66,273.731,201.85,30.354,80.588,0.744,-0.564,0.219,1.879,0.02,0.607,-0.059,-1.032
1769,13.419,-10.225,297.293,-63.904,81.579,-23.07,-17.364,-1.344,273.253,205.046,35.785,79.888,0.742,-0.512,0.27,1.911,0.034,0.649,-0.059,-1.036
1770,13.44,-10.093,296.87,-54.368,83.37,-24.097,-17.41,-1.001,273.717,214.386,30.488,82.367,0.758,-0.431,0.22,1.993,0.036,0.732,-0.06,-1.04
1771,13.741,-10.089,296.846,-48.11,79.849,-24.437,-17.67,-1.272,273.24,217.582,35.919,82.307,0.729,-0.378,0.27,2.027,0.036,0.775,-0.06,-1.043
1772,13.469,-10.024,296.846,-48.11,79.849,-25.942,-17.275,-0.853,273.681,220.76,34.115,87.453,0.728,-0.378,0.254,2.052,0.037,0.788,-0.06,-1.045
1773,13.865,-9.438,297.274,-38.62,78.153,-23.147,-17.863,-1.041,273.227,230.118,36.053,84.101,0.714,-0.298,0.27,2.143,0.02,0.871,-0.06,-1.046
1774,13.831,-8.913,297.67,-29.294,72.898,-25.496,-17.451,-0.638,273.668,233.296,34.249,88.467,0.668,-0.22,0.255,2.168,-0.01,0.924,-0.059,-1.046
1775,13.565,-9.223,297.248,-19.758,74.69,-28.638,-17.73,-0.731,273.678,239.339,34.31,85.579,0.684,-0.138,0.254,2.224,0.006,0.994,-0.059,-1.045
1776,13.575,-8.724,297.245,-7.153,74.749,-25.354,-17.25,-0.693,273.214,242.654,36.187,84.894,0.684,-0.032,0.274,2.258,0.006,1.065,-0.059,-1.042
1777,13.65,-9.135,296.357,-0.774,71.171,-30.614,-17.123,-0.207,274.083,248.89,36.134,85.655,0.656,0.024,0.273,2.307,0.026,1.121,-0.058,-1.038
1778,13.747,-8.695,296.798,8.641,73.019,-30.012,-17.427,-0.387,273.201,255.19,36.321,88.024,0.671,0.103,0.275,2.374,0.008,1.192,-0.058,-1.033
1779,14.101,-8.272,295.479,18.136,71.196,-27.235,-17.382,-0.246,273.165,261.564,39.948,88.862,0.66,0.184,0.308,2.433,0.042,1.264,-0.057,-1.027
1780,13.918,-8.176,295.9,21.204,69.463,-33.394,-17.438,-0.069,272.737,258.506,38.198,87.032,0.643,0.21,0.292,2.408,0.009,1.264,-0.057,-1.019
1781,13.875,-8.392,295.011,27.584,65.885,-31.32,-17.609,-0.43,273.165,261.564,39.948,92.71,0.614,0.266,0.308,2.434,0.027,1.308,-0.056,-1.009
1782,13.791,-7.655,294.581,30.699,67.64,-33.687,-17.573,-0.249,273.201,255.19,36.321,87.374,0.63,0.291,0.274,2.373,0.028,1.293,-0.055,-0.999
1783,13.268,-8.12,294.15,33.814,69.395,-29.782,-17.164,-0.433,273.619,252.206,38.01,84.928,0.644,0.319,0.291,2.343,0.061,1.295,-0.054,-0.987
1784,13.447,-8.097,295.009,40.188,65.944,-33.609,-17.339,-0.833,274.952,255.127,36.08,85.267,0.613,0.373,0.271,2.36,0.046,1.332,-0.054,-0.975
1785,13.049,-7.474,294.602,37.045,71.22,-33.994,-17.468,-0.105,274.952,255.127,36.08,87.833,0.658,0.345,0.27,2.357,0.077,1.316,-0.052,-0.962
1786,13.222,-7.77,295.009,40.188,65.944,-28.762,-17.207,-0.39,274.952,255.127,36.08,86.341,0.612,0.372,0.271,2.358,0.046,1.33,-0.051,-0.947
1787,13.393,-7.63,295.453,36.998,67.733,-34.509,-17.071,-0.741,275.834,248.827,35.893,86.025,0.627,0.344,0.269,2.294,0.062,1.285,-0.05,-0.933
1788,12.853,-7.696,295.032,33.93,69.466,-35.207,-16.938,-1.145,275.416,251.811,34.203,85.392,0.641,0.318,0.255,2.326,0.062,1.288,-0.049,-0.917
1789,13.485,-7.962,295.032,33.93,69.466,-30.988,-17.248,-0.827,275.406,245.769,34.142,84.588,0.644,0.319,0.253,2.27,0.062,1.261,-0.047,-0.902
1790,13.311,-8.088,294.137,33.888,65.851,-31.847,-17.515,-0.777,275.406,245.769,34.142,83.512,0.614,0.32,0.252,2.269,0.063,1.263,-0.046,-0.886
1791,13.208,-8.231,294.581,30.699,67.64,-33.777,-17.416,-1.049,275.406,245.769,34.142,84.214,0.628,0.293,0.252,2.27,0.062,1.248,-0.044,-0.869
1792,13.625,-7.978,294.129,27.467,65.814,-26.666,-17.337,-0.831,274.965,242.591,35.946,85.946,0.615,0.264,0.27,2.244,0.063,1.221,-0.043,-0.853
1793,13.301,-8.342,295.004,21.162,65.848,-26.972,-17.104,-0.647,274.537,239.532,34.196,78.538,0.612,0.21,0.255,2.218,0.029,1.178,-0.041,-0.837
1794,13.431,-8.315,295.455,24.394,67.674,-31.318,-17.239,-0.913,274.537,239.532,34.196,80.979,0.627,0.238,0.254,2.219,0.028,1.192,-0.039,-0.821
1795,13.483,-8.35,295.455,24.394,67.674,-31.196,-17.162,-1.048,274.109,236.474,32.445,84.205,0.627,0.238,0.239,2.195,0.012,1.18,-0.038,-0.805
1796,13.444,-8.926,295.868,21.041,65.904,-34.115,-17.192,-0.952,274.537,239.532,34.196,81.734,0.611,0.211,0.254,2.22,0.012,1.178,-0.037,-0.79
1797,13.564,-8.758,296.306,24.347,64.187,-38.642,-16.837,-1.141,274.096,236.354,36,84.633,0.596,0.238,0.273,2.194,-0.004,1.178,-0.035,-0.774
1798,13.647,-8.447,297.623,27.457,66.068,-36.277,-17.104,-1.093,274.096,236.354,36,85.662,0.61,0.263,0.272,2.194,-0.023,1.189,-0.034,-0.76
1799,13.753,-8.464,297.178,30.647,64.279,-28.16,-16.845,-1.325,273.25,236.281,32.56,80.306,0.596,0.29,0.242,2.201,-0.053,1.206,-0.033,-0.745
1800,13.779,-8.347,296.734,33.837,62.491,-35.146,-17.339,-1.362,272.822,233.222,30.809,80.198,0.581,0.318,0.224,2.176,-0.07,1.208,-0.032,-0.73
1801,13.312,-8.112,296.283,30.605,60.665,-34.404,-16.983,-1.361,272.822,233.222,30.809,81.017,0.565,0.29,0.225,2.176,-0.069,1.194,-0.032,-0.716
1802,13.878,-8.054,296.734,33.837,62.491,-34.911,-17.115,-1.138,272.381,230.044,32.613,84.537,0.582,0.317,0.242,2.149,-0.07,1.194,-0.032,-0.702
1803,14.374,-8.131,296.734,33.837,62.491,-33.802,-17.072,-1.089,272.809,233.103,34.364,80.968,0.583,0.317,0.258,2.174,-0.053,1.207,-0.032,-0.689
1804,13.91,-8.01,297.155,36.905,60.758,-37.663,-16.931,-0.922,272.809,233.103,34.364,76.309,0.566,0.342,0.258,2.174,-0.069,1.219,-0.032,-0.675
1805,13.928,-7.993,296.727,27.415,62.454,-31.247,-16.976,-0.602,272.381,230.044,32.613,80.665,0.581,0.262,0.242,2.147,-0.07,1.164,-0.032,-0.662
1806,13.876,-7.604,296.727,27.415,62.454,-32.018,-16.931,-0.641,272.417,223.671,28.986,76.376,0.581,0.26,0.209,2.088,-0.085,1.135,-0.033,-0.65
1807,13.91,-7.685,297.181,18.042,64.221,-31.049,-16.481,-0.813,272.417,223.671,28.986,78.617,0.596,0.18,0.21,2.088,-0.086,1.093,-0.033,-0.638
1808,13.699,-8.385,297.181,18.042,64.221,-33.34,-16.484,-1.049,271.525,223.928,29.113,81.034,0.595,0.182,0.212,2.099,-0.103,1.097,-0.034,-0.626
1809,14.014,-8.241,297.604,8.506,62.429,-30.644,-16.833,-0.408,271.548,217.434,29.04,82.473,0.58,0.1,0.21,2.035,-0.12,1.023,-0.035,-0.615
1810,13.96,-8.217,296.777,2.295,69.438,-34.801,-16.744,-0.55,271.548,217.434,29.04,83.5,0.641,0.047,0.211,2.036,-0.072,0.997,-0.036,-0.605
1811,13.748,-8.732,297.62,-4.173,65.914,-30.205,-16.57,-1.137,272.43,211.134,28.852,81.743,0.609,-0.006,0.209,1.973,-0.088,0.939,-0.038,-0.596
1812,14.018,-8.776,297.179,-13.588,64.066,-31.404,-16.741,-1.31,272.43,211.134,28.852,81.005,0.595,-0.087,0.208,1.973,-0.087,0.899,-0.039,-0.587
1813,14.14,-9.179,296.33,-26.146,67.495,-30.689,-16.88,-1.04,272.421,205.092,28.791,82.053,0.626,-0.193,0.207,1.916,-0.055,0.817,-0.041,-0.58
1814,13.97,-9.392,295.926,-41.894,72.713,-27.479,-16.884,-0.948,273.312,204.835,28.665,82.096,0.671,-0.328,0.205,1.907,-0.007,0.745,-0.042,-0.573
1815,13.779,-10.285,295.498,-51.384,74.409,-26.948,-16.615,-0.991,272.443,198.598,28.718,77.455,0.686,-0.407,0.207,1.855,-0.008,0.678,-0.044,-0.568
1816,13.749,-10.07,296.397,-63.946,77.965,-28.334,-16.997,-0.993,272.862,195.614,30.408,79.937,0.714,-0.514,0.221,1.825,0.005,0.607,-0.045,-0.564
1817,13.725,-10.638,297.25,-76.598,74.418,-29.449,-17.313,-1.618,272.434,192.555,28.657,80.221,0.682,-0.619,0.204,1.801,-0.044,0.538,-0.046,-0.562
1818,13.737,-10.453,299.018,-70.256,78.125,-26.726,-17.324,-1.393,271.993,189.377,30.461,77.69,0.709,-0.562,0.221,1.774,-0.064,0.551,-0.048,-0.56
1819,13.643,-10.173,299.893,-76.56,78.159,-26.654,-17.225,-1.662,271.993,189.377,30.461,79.872,0.707,-0.615,0.222,1.775,-0.081,0.522,-0.049,-0.561
1820,14.048,-9.884,299.463,-73.445,79.914,-30.152,-17.085,-1.614,272.015,182.884,30.388,75.644,0.725,-0.59,0.222,1.714,-0.064,0.506,-0.05,-0.562
1821,13.463,-9.65,299.018,-70.256,78.125,-30.913,-17.274,-1.704,272.029,183.004,26.834,78.381,0.708,-0.565,0.188,1.715,-0.08,0.521,-0.051,-0.564
1822,13.339,-9.565,299.018,-70.256,78.125,-33.164,-17.14,-1.932,271.16,176.768,26.887,77.014,0.708,-0.565,0.189,1.663,-0.097,0.495,-0.053,-0.568
1823,13.829,-9.699,298.136,-70.372,78.054,-29.693,-17.004,-1.885,271.16,176.768,26.887,77.684,0.711,-0.567,0.19,1.663,-0.079,0.495,-0.054,-0.573
1824,13.825,-9.56,298.122,-70.298,74.511,-25.87,-16.695,-1.881,271.16,176.768,26.887,83.778,0.681,-0.567,0.191,1.663,-0.094,0.495,-0.055,-0.578
1825,13.872,-9.601,299.418,-73.534,72.812,-22.397,-16.506,-1.976,271.16,176.768,26.887,80.971,0.664,-0.592,0.192,1.663,-0.127,0.48,-0.057,-0.584
1826,14.229,-9.689,299.018,-70.256,78.125,-28.028,-16.91,-1.709,270.291,170.531,26.941,76.253,0.711,-0.564,0.191,1.609,-0.113,0.467,-0.059,-0.591
1827,14.073,-10.009,299.018,-70.256,78.125,-25.409,-16.822,-1.617,269.872,173.516,25.251,82.003,0.711,-0.563,0.176,1.639,-0.129,0.481,-0.06,-0.599
1828,13.515,-9.903,299.869,-70.302,74.638,-24.046,-16.594,-1.394,269.872,173.516,25.251,79.887,0.677,-0.563,0.177,1.638,-0.162,0.48,-0.062,-0.607
1829,14.141,-9.868,299.449,-73.371,76.371,-27.36,-16.792,-1.393,269.409,176.831,27.128,79.097,0.695,-0.59,0.194,1.672,-0.146,0.482,-0.064,-0.616
1830,14.187,-9.25,299.89,-63.956,78.218,-30.988,-16.508,-1.172,269.872,173.516,25.251,79.5,0.71,-0.511,0.177,1.637,-0.145,0.507,-0.067,-0.625
1831,13.997,-10.083,300.741,-64.002,74.731,-23.161,-17.017,-1.345,269.409,176.831,27.128,79.091,0.678,-0.507,0.193,1.672,-0.179,0.523,-0.069,-0.634
1832,13.962,-9.605,300.741,-64.002,74.731,-25.028,-17.048,-1.211,268.967,173.653,28.932,81.897,0.677,-0.509,0.21,1.644,-0.181,0.508,-0.071,-0.644
1833,14.445,-9.198,300.749,-57.581,74.768,-27.287,-16.845,-1.304,268.085,179.953,29.119,78.044,0.679,-0.456,0.214,1.71,-0.196,0.565,-0.074,-0.653
1834,14.053,-9.321,301.169,-54.513,73.035,-27.979,-17.057,-1.655,267.657,176.895,27.369,81.206,0.662,-0.429,0.197,1.685,-0.23,0.566,-0.077,-0.663
1835,14.232,-9.415,300.318,-54.466,76.522,-29.416,-16.618,-1.487,268.085,179.953,29.119,76.963,0.694,-0.429,0.215,1.71,-0.18,0.58,-0.08,-0.673
1836,13.871,-9.3,300.295,-48.208,73.001,-26.312,-17.102,-1.93,267.621,183.268,30.996,79.405,0.663,-0.377,0.231,1.747,-0.198,0.624,-0.083,-0.683
1837,13.769,-9.419,300.295,-48.208,73.001,-28.049,-16.649,-2.295,267.621,183.268,30.996,80.874,0.663,-0.377,0.233,1.748,-0.197,0.625,-0.087,-0.692
1838,14.266,-9.287,300.722,-38.718,71.305,-26.6,-16.873,-1.49,268.49,189.505,30.943,85.543,0.65,-0.296,0.231,1.798,-0.195,0.692,-0.09,-0.701
1839,14.271,-9.333,300.292,-35.603,73.059,-24.804,-17.46,-1.709,268.49,189.505,30.943,80.429,0.665,-0.27,0.228,1.799,-0.18,0.707,-0.094,-0.71
1840,14.09,-9.128,299.848,-32.414,71.271,-23.761,-17.063,-1.261,268.036,198.863,32.88,83.001,0.651,-0.244,0.249,1.889,-0.179,0.763,-0.097,-0.718
1841,14.042,-9.287,300.72,-26.114,71.363,-24.092,-17.274,-1.573,268.5,195.548,31.004,80.145,0.649,-0.19,0.23,1.856,-0.196,0.775,-0.101,-0.726
1842,14.341,-8.678,300.276,-22.924,69.575,-24.487,-17.007,-0.768,268.477,202.041,31.077,85.197,0.636,-0.165,0.231,1.914,-0.194,0.816,-0.104,-0.733
1843,13.902,-8.483,300.717,-13.509,71.422,-27.139,-17.335,-1.046,268.905,205.099,32.827,81.871,0.649,-0.086,0.246,1.941,-0.179,0.871,-0.108,-0.739
1844,13.989,-8.249,300.715,-0.904,71.481,-28.548,-16.896,-1.088,269.346,208.277,31.023,81.605,0.65,0.02,0.23,1.968,-0.177,0.94,-0.111,-0.745
1845,13.801,-7.796,299.396,8.59,69.658,-26.65,-17.297,-1.048,270.215,214.513,30.97,80.13,0.637,0.099,0.228,2.02,-0.143,1.01,-0.115,-0.75
1846,13.702,-6.998,299.417,14.937,73.238,-30.149,-17.105,-1.309,270.215,214.513,30.97,80.926,0.667,0.15,0.228,2.021,-0.127,1.038,-0.118,-0.753
1847,13.473,-7.412,298.949,24.384,67.928,-34.471,-16.752,-1.215,269.774,211.335,32.774,80.996,0.622,0.232,0.247,1.994,-0.142,1.068,-0.121,-0.756
1848,13.45,-7.051,298.526,33.921,69.719,-30.37,-16.342,-0.999,271.548,217.434,29.04,81.027,0.638,0.312,0.212,2.037,-0.106,1.134,-0.124,-0.758
1849,13.533,-6.838,298.072,43.294,67.952,-34.964,-16.891,-1.271,271.548,217.434,29.04,80.953,0.624,0.392,0.21,2.038,-0.105,1.177,-0.127,-0.758
1850,13.716,-6.531,298.048,49.552,64.431,-34.512,-16.835,-0.865,272.394,217.508,32.479,85.263,0.595,0.444,0.242,2.031,-0.088,1.202,-0.129,-0.758
1851,13.853,-6.131,296.753,52.788,66.13,-33.852,-16.704,-1.492,272.858,214.193,30.603,82.124,0.613,0.472,0.224,1.999,-0.053,1.204,-0.132,-0.756
1852,13.904,-6.228,295.878,59.093,66.096,-39.821,-17.245,-1.401,273.263,223.744,32.426,86.314,0.614,0.528,0.239,2.085,-0.02,1.276,-0.134,-0.754
1853,13.454,-6.199,295.431,74.887,64.365,-44.377,-16.75,-1.491,275.014,223.681,32.185,81.777,0.599,0.665,0.237,2.071,0.015,1.343,-0.135,-0.75
1854,13.408,-5.844,295.011,71.819,66.098,-45.421,-17.183,-1.526,275.014,223.681,32.185,81.432,0.614,0.638,0.235,2.071,0.031,1.33,-0.136,-0.745
1855,13.018,-6.253,294.578,87.539,67.912,-45.303,-16.701,-1.989,275.442,226.739,33.935,78.909,0.63,0.776,0.253,2.098,0.064,1.415,-0.137,-0.74
1856,13.009,-6.353,294.147,90.654,69.666,-46.126,-16.662,-1.986,275.883,229.917,32.132,78.573,0.646,0.804,0.236,2.124,0.081,1.443,-0.137,-0.733
1857,12.459,-6.105,293.28,103.38,69.669,-47.897,-17.414,-2.163,275.442,226.739,33.935,82.363,0.646,0.916,0.25,2.099,0.096,1.489,-0.137,-0.725
1858,12.582,-6.349,293.732,106.611,71.495,-46.74,-17.508,-1.849,275.847,236.291,35.759,84.915,0.661,0.943,0.266,2.182,0.111,1.543,-0.136,-0.715
1859,12.497,-6.242,292.826,112.753,67.902,-45.954,-17.42,-1.903,276.275,239.349,37.509,85.933,0.632,0.999,0.282,2.207,0.13,1.586,-0.135,-0.705
1860,12.934,-6.399,292.834,119.174,67.939,-48.927,-17.017,-1.768,276.716,242.527,35.705,80.347,0.633,1.055,0.267,2.233,0.132,1.627,-0.133,-0.694
1861,12.669,-6.215,291.959,125.479,67.905,-47.75,-17.155,-2.089,275.834,248.827,35.893,83.123,0.634,1.113,0.269,2.299,0.132,1.689,-0.131,-0.682
1862,13.294,-6.045,291.505,134.852,66.138,-50.476,-17.422,-1.683,275.834,248.827,35.893,84.892,0.622,1.196,0.268,2.297,0.134,1.731,-0.128,-0.668
1863,13.067,-6.134,291.956,138.083,67.964,-48.175,-17.465,-1.595,276.262,251.885,37.643,80.291,0.636,1.222,0.284,2.322,0.149,1.757,-0.125,-0.653
1864,13.072,-6.11,290.637,147.578,66.141,-53.999,-16.932,-2.08,276.262,251.885,37.643,80.704,0.623,1.311,0.285,2.323,0.169,1.804,-0.121,-0.638
1865,13.079,-5.366,291.058,150.646,64.408,-48.938,-17.202,-1.998,276.703,255.063,35.839,82.739,0.607,1.333,0.267,2.349,0.152,1.828,-0.118,-0.621
1866,13.066,-5.528,290.635,160.182,66.2,-52.955,-17.508,-1.959,276.262,251.885,37.643,84.149,0.623,1.419,0.283,2.323,0.168,1.859,-0.114,-0.604
1867,12.686,-5.578,290.635,160.182,66.2,-55.059,-17.374,-1.866,276.262,251.885,37.643,85.217,0.622,1.419,0.284,2.323,0.167,1.859,-0.109,-0.585
1868,12.934,-5.227,291.055,163.251,64.467,-57.194,-17.335,-1.863,275.798,255.2,39.52,81.344,0.607,1.443,0.302,2.357,0.151,1.887,-0.105,-0.566
1869,12.983,-5.585,290.212,169.719,67.991,-53.317,-17.565,-2.086,276.262,251.885,37.643,83.436,0.64,1.505,0.283,2.323,0.184,1.904,-0.1,-0.546
1870,12.944,-5.579,291.959,169.714,68.118,-54.462,-17.465,-2.348,276.262,251.885,37.643,79.922,0.637,1.496,0.284,2.324,0.149,1.898,-0.095,-0.526
1871,13.06,-5.721,292.379,172.782,66.385,-56.653,-17.244,-2.494,276.262,251.885,37.643,83.493,0.621,1.521,0.284,2.325,0.134,1.911,-0.09,-0.505
1872,13.212,-4.962,291.935,175.972,64.596,-57.16,-16.923,-2.4,276.275,252.005,34.089,81.733,0.607,1.548,0.253,2.325,0.12,1.926,-0.084,-0.483
1873,13.496,-4.902,292.4,179.129,69.965,-54.716,-17.245,-2.588,275.834,248.827,35.893,82.727,0.654,1.573,0.269,2.301,0.134,1.926,-0.079,-0.461
1874,13.345,-4.779,291.504,179.087,66.351,-57.519,-17.285,-2.308,275.393,245.649,37.697,80.988,0.624,1.577,0.286,2.274,0.135,1.915,-0.074,-0.439
1875,13.384,-5.101,291.512,185.508,66.388,-58.344,-16.842,-2.128,275.834,248.827,35.893,80.37,0.624,1.634,0.27,2.299,0.136,1.957,-0.069,-0.417
1876,12.902,-4.685,291.081,188.623,68.143,-57.957,-17.242,-2.577,274.965,242.591,35.946,82.729,0.639,1.662,0.27,2.25,0.134,1.948,-0.064,-0.394
1877,13.374,-4.61,290.616,185.466,62.774,-52.173,-17.365,-2.303,275.429,239.275,34.069,80.997,0.594,1.637,0.252,2.215,0.121,1.918,-0.059,-0.372
1878,13.428,-4.09,290.185,188.581,64.528,-54.692,-17.014,-2.39,274.56,233.039,34.123,81.028,0.611,1.665,0.254,2.165,0.121,1.908,-0.054,-0.349
1879,13.066,-4.999,291.491,179.162,62.808,-57.172,-17.69,-2.527,274.56,233.039,34.123,82.318,0.592,1.578,0.252,2.165,0.085,1.863,-0.049,-0.327
1880,13.647,-4.828,292.355,179.04,62.863,-54.697,-17.015,-2.347,274.978,230.054,35.812,84.173,0.593,1.572,0.27,2.133,0.086,1.844,-0.044,-0.305
1881,13.506,-5.27,293.251,179.082,66.478,-55.819,-17.227,-2.611,275.442,226.739,33.935,83.803,0.622,1.569,0.251,2.1,0.084,1.826,-0.039,-0.283
1882,13.375,-5.455,294.126,172.778,66.512,-54.759,-17.229,-2.781,275.432,220.696,33.874,83.894,0.62,1.511,0.25,2.045,0.066,1.769,-0.035,-0.261
1883,13.325,-5.128,293.674,169.546,64.686,-54.046,-17.321,-2.838,275.005,217.638,32.124,82.72,0.605,1.484,0.234,2.02,0.05,1.743,-0.031,-0.241
1884,13.607,-5.252,294.126,172.778,66.512,-52.316,-17.05,-2.742,275.455,214.203,33.801,82.754,0.62,1.51,0.25,1.985,0.067,1.74,-0.027,-0.221
1885,13.167,-4.988,294.105,166.431,62.932,-52.219,-17.311,-2.869,275.932,211.007,28.37,81.018,0.588,1.454,0.199,1.953,0.035,1.696,-0.023,-0.202
1886,13.605,-4.847,293.674,169.546,64.686,-52.473,-17.27,-2.736,275.446,208.16,33.74,81.715,0.606,1.483,0.249,1.929,0.067,1.699,-0.02,-0.183
1887,13.353,-4.182,294.556,169.663,64.757,-52.843,-17.234,-2.873,275.491,207.829,30.174,77.433,0.604,1.477,0.216,1.926,0.034,1.694,-0.017,-0.165
1888,13.199,-4.768,294.977,172.731,63.024,-52.256,-17.31,-3.183,275.063,204.771,28.424,79.972,0.587,1.503,0.2,1.902,0.001,1.696,-0.014,-0.148
1889,13.389,-4.359,295.428,175.963,64.85,-53.204,-17.222,-2.866,274.622,201.593,30.228,78.884,0.603,1.528,0.217,1.875,0,1.695,-0.011,-0.132
1890,13.44,-4.003,295.008,172.894,66.583,-52.835,-17.495,-2.825,274.613,195.55,30.167,78.409,0.619,1.502,0.216,1.819,0.015,1.655,-0.009,-0.117
1891,13.57,-3.263,293.682,175.967,64.723,-54.923,-17.306,-2.86,275.504,195.293,30.04,77.478,0.606,1.533,0.215,1.811,0.052,1.667,-0.006,-0.102
1892,13.614,-3.429,292.799,175.851,64.652,-53.039,-16.77,-2.874,275.077,192.235,28.29,78.182,0.607,1.537,0.201,1.785,0.054,1.657,-0.004,-0.088
1893,13.299,-3.522,291.039,175.93,60.982,-52.082,-17.087,-2.907,275.077,192.235,28.29,76.049,0.578,1.547,0.2,1.786,0.072,1.663,-0.003,-0.075
1894,13.557,-3.352,290.611,166.44,62.678,-49.279,-17.204,-3.092,275.531,182.877,26.352,76.346,0.594,1.466,0.181,1.697,0.089,1.579,-0.001,-0.062
1895,13.824,-3.773,289.715,166.398,59.064,-53.283,-16.892,-2.652,275.959,185.935,28.103,75.329,0.565,1.472,0.198,1.721,0.108,1.593,0.001,-0.051
1896,13.82,-3.684,289.295,163.33,60.797,-51.818,-17.43,-2.859,276.841,179.635,27.915,79.187,0.581,1.447,0.194,1.658,0.14,1.55,0.003,-0.04
1897,13.792,-4.197,289.739,160.14,62.585,-54.194,-16.757,-3.083,276.4,176.457,29.719,74.313,0.596,1.418,0.213,1.633,0.14,1.523,0.005,-0.03
1898,13.449,-4.224,290.169,157.025,60.831,-53.334,-17.792,-3.534,276.831,173.592,27.854,76.631,0.579,1.389,0.192,1.605,0.121,1.495,0.007,-0.021
1899,13.384,-3.98,289.287,156.909,60.76,-55.004,-17.383,-3.272,277.259,176.651,29.604,72.804,0.58,1.391,0.209,1.63,0.156,1.508,0.009,-0.013
1900,13.423,-4.337,289.731,153.719,62.548,-48.348,-17.868,-3.084,278.141,170.351,29.417,73.81,0.595,1.363,0.205,1.567,0.17,1.462,0.011,-0.005
1901,13.207,-4.455,289.29,144.304,60.701,-51.734,-17.558,-3.128,278.605,167.035,27.54,75.267,0.578,1.282,0.189,1.534,0.172,1.406,0.013,0.001
1902,13.953,-4.467,288.845,147.494,58.912,-53.707,-17.743,-3.034,278.164,163.857,29.344,70.268,0.566,1.312,0.205,1.507,0.174,1.408,0.016,0.007
1903,13.998,-4.504,288.418,138.004,60.608,-48.616,-17.821,-3.131,278.582,160.873,31.033,74.539,0.582,1.231,0.22,1.478,0.206,1.352,0.018,0.011
1904,13.393,-4.541,287.973,141.194,58.819,-48.971,-17.828,-3.301,278.154,157.814,29.283,70.974,0.565,1.261,0.204,1.453,0.189,1.355,0.021,0.015
1905,13.433,-4.461,287.973,141.194,58.819,-47.29,-17.596,-3.434,279.046,157.557,29.157,71.693,0.565,1.261,0.203,1.446,0.207,1.352,0.024,0.018
1906,13.601,-4.584,288.418,138.004,60.608,-46.039,-17.742,-3.622,279.487,160.735,27.353,71.36,0.581,1.231,0.186,1.474,0.207,1.35,0.027,0.019
1907,13.66,-4.464,288.838,141.072,58.875,-46.152,-17.901,-3.167,279.487,160.735,27.353,71.366,0.565,1.256,0.185,1.472,0.19,1.362,0.03,0.021
1908,13.879,-4.455,288.838,141.072,58.875,-50.869,-17.692,-3.477,279.905,157.751,29.042,73.542,0.566,1.256,0.201,1.444,0.207,1.348,0.033,0.021
1909,13.481,-4.941,288.838,141.072,58.875,-44.445,-17.684,-3.348,279.915,163.794,29.103,71.762,0.564,1.258,0.202,1.498,0.206,1.376,0.036,0.021
1910,14.004,-4.225,287.973,141.194,58.819,-47.319,-17.281,-3.344,279.915,163.794,29.103,72.916,0.567,1.26,0.203,1.498,0.225,1.377,0.039,0.02
1911,13.562,-4.591,288.394,144.262,57.087,-50.878,-17.514,-3.403,281.225,173.208,27.246,71.414,0.55,1.286,0.184,1.576,0.225,1.43,0.043,0.019
1912,13.966,-4.704,289.266,150.562,57.179,-51.464,-17.384,-3.399,280.761,176.523,29.123,74.667,0.55,1.338,0.202,1.609,0.208,1.472,0.046,0.018
1913,13.657,-4.983,288.822,153.752,55.391,-42.656,-17.911,-3.179,281.153,185.955,34.5,77.803,0.534,1.369,0.249,1.691,0.24,1.528,0.05,0.017
1914,13.913,-4.908,287.947,160.056,55.357,-51.183,-17.603,-2.869,281.581,201.669,32.831,72.225,0.536,1.429,0.234,1.829,0.259,1.627,0.053,0.015
1915,13.869,-5.171,288.819,166.356,55.449,-52.158,-18.156,-2.739,281.554,214.086,36.519,73.854,0.535,1.481,0.266,1.941,0.257,1.708,0.057,0.014
1916,13.79,-4.779,289.689,185.261,55.601,-53.287,-18.395,-2.424,280.65,226.879,36.779,76.023,0.535,1.641,0.268,2.062,0.222,1.848,0.061,0.014
1917,13.518,-4.251,289.665,191.519,52.079,-54.542,-17.857,-1.441,280.195,236.237,38.717,81.046,0.503,1.694,0.288,2.147,0.207,1.917,0.065,0.014
1918,13.783,-4.082,289.242,201.055,53.871,-56.665,-17.785,-1.495,281.897,255.083,42.237,77.856,0.521,1.78,0.318,2.304,0.274,2.038,0.068,0.015
1919,13.402,-3.769,288.809,216.775,55.684,-52.352,-18.1,0.077,281.002,273.919,42.558,79.278,0.536,1.919,0.321,2.476,0.273,2.194,0.072,0.018
1920,13.725,-3.399,287.49,226.269,53.861,-54.113,-17.384,0.199,279.656,283.535,44.623,82.571,0.523,2.011,0.344,2.575,0.277,2.289,0.076,0.021
1921,13.665,-2.85,287.918,235.759,52.165,-56.915,-18.39,0.052,277.45,292.956,46.801,82.698,0.507,2.09,0.363,2.682,0.225,2.38,0.08,0.027
1922,13.755,-2.409,288.367,251.595,54.049,-59.004,-17.894,0.468,276.104,302.572,48.865,86.357,0.524,2.224,0.385,2.782,0.208,2.497,0.084,0.034
1923,13.538,-1.82,287.913,260.968,52.283,-52.454,-17.554,0.488,275.65,311.93,50.803,83.097,0.508,2.309,0.405,2.873,0.209,2.584,0.088,0.043
1924,13.862,-1.829,287.49,270.505,54.074,-58.437,-17.734,0.36,276.101,321.151,49.06,86.319,0.526,2.396,0.388,2.953,0.227,2.669,0.092,0.054
1925,13.397,-1.738,288.362,276.805,54.167,-53.517,-17.344,1.028,275.173,327.781,52.814,83.511,0.523,2.444,0.425,3.022,0.208,2.726,0.095,0.067
1926,13.721,-1.845,287.939,286.341,55.958,-54.742,-17.432,0.792,274.755,330.766,51.125,86.645,0.541,2.532,0.41,3.055,0.209,2.787,0.099,0.082
1927,13.408,-1.54,287.939,286.341,55.958,-58.808,-17.661,0.619,275.624,337.002,51.071,88.497,0.54,2.531,0.407,3.103,0.225,2.811,0.102,0.098
1928,13.589,-1.518,288.811,292.641,56.051,-60.07,-17.705,0.985,274.742,343.302,51.259,90.203,0.54,2.579,0.41,3.17,0.191,2.867,0.106,0.116
1929,13.98,-1.803,288.787,298.899,52.53,-57.167,-17.928,0.887,275.16,340.317,52.948,89.856,0.51,2.635,0.424,3.138,0.192,2.881,0.109,0.136
1930,13.843,-1.614,289.683,298.941,56.144,-60.905,-18.271,0.976,276.029,346.554,52.894,88.336,0.54,2.627,0.421,3.185,0.206,2.899,0.112,0.157
1931,13.827,-1.631,290.555,305.241,56.237,-56.815,-17.884,0.844,276.029,346.554,52.894,89.183,0.539,2.674,0.423,3.186,0.189,2.923,0.115,0.18
1932,13.536,-1.585,290.576,311.588,59.817,-55.444,-18.193,0.607,276.457,349.612,54.645,95.495,0.569,2.729,0.437,3.21,0.22,2.964,0.118,0.203
1933,13.45,-1.539,291.007,308.473,58.062,-55.009,-17.924,0.884,276.862,359.164,56.468,92.748,0.553,2.698,0.454,3.292,0.22,2.987,0.12,0.228
1934,13.465,-1.914,291.449,317.888,59.91,-54.043,-18.11,0.746,275.574,355.912,54.832,91.6,0.568,2.777,0.44,3.278,0.186,3.02,0.123,0.254
1935,13.591,-1.621,291.028,314.819,61.643,-56.11,-17.972,1.158,275.574,355.912,54.832,95.964,0.585,2.753,0.441,3.276,0.203,3.008,0.125,0.281
1936,14.033,-1.385,291.449,317.888,59.91,-61.267,-18.282,1.29,277.289,362.222,58.219,95.88,0.57,2.775,0.468,3.313,0.236,3.038,0.127,0.309
1937,13.444,-1.059,291.004,321.077,58.121,-58.918,-18.106,1.325,276.443,362.148,54.779,92.681,0.553,2.806,0.438,3.323,0.204,3.058,0.13,0.337
1938,13.228,-0.817,290.153,321.124,61.608,-58.735,-17.837,1.145,275.133,365.39,53.216,94.861,0.585,2.814,0.427,3.369,0.204,3.084,0.132,0.366
1939,13.68,-0.956,290.153,321.124,61.608,-57.703,-17.937,1.372,275.12,365.27,56.77,93.776,0.586,2.814,0.46,3.367,0.221,3.084,0.134,0.395
1940,13.194,-0.246,290.153,321.124,61.608,-57.962,-17.846,1.692,274.228,365.527,56.896,97.055,0.585,2.812,0.463,3.38,0.203,3.088,0.136,0.425
1941,13.692,-0.459,289.723,324.239,63.363,-55.194,-17.897,1.779,274.228,365.527,56.896,93.774,0.603,2.844,0.462,3.379,0.22,3.104,0.138,0.455
1942,13.728,-0.905,290.177,314.866,65.13,-58.559,-17.658,1.732,273.395,352.917,53.323,96.611,0.617,2.759,0.431,3.273,0.187,3.008,0.14,0.485
1943,13.418,-0.601,289.725,311.634,63.304,-56.305,-18.239,1.5,274.264,359.153,53.269,94.399,0.601,2.734,0.427,3.321,0.203,3.019,0.142,0.516
1944,13.103,-0.592,288.853,305.334,63.212,-52.422,-18.237,1.2,274.728,355.838,51.392,92.674,0.601,2.687,0.409,3.286,0.221,2.979,0.143,0.546
1945,13.674,-0.458,289.728,299.03,63.246,-53.258,-17.928,1.829,275.611,349.538,51.205,92.401,0.601,2.623,0.407,3.215,0.221,2.912,0.145,0.576
1946,12.982,-0.625,289.752,292.772,66.767,-54.451,-17.756,1.513,275.611,349.538,51.205,93.452,0.63,2.569,0.408,3.216,0.236,2.884,0.146,0.605
1947,13.332,-0.892,290.627,286.467,66.801,-52.408,-18.42,1.701,276.029,346.554,52.894,90.902,0.63,2.507,0.421,3.183,0.233,2.836,0.148,0.633
1948,13.223,-0.946,291.501,280.162,66.836,-57.126,-18.45,1.831,275.624,337.002,51.071,92.298,0.628,2.444,0.404,3.099,0.199,2.763,0.15,0.661
1949,13.006,-0.806,291.073,270.673,68.532,-57.703,-18.051,1.785,274.755,330.766,51.125,88.73,0.643,2.365,0.408,3.051,0.199,2.698,0.151,0.687
1950,13.009,-0.761,291.504,267.558,66.777,-51.123,-18.448,1.625,274.35,321.214,49.301,90.501,0.626,2.334,0.39,2.968,0.165,2.641,0.152,0.713
1951,13.241,-1.058,291.496,261.136,66.74,-50.431,-17.952,1.214,274.804,311.856,47.363,93.436,0.627,2.279,0.373,2.878,0.167,2.57,0.153,0.737
1952,13.577,-1.196,291.951,251.763,68.507,-52.21,-17.678,1.345,274.804,311.856,47.363,90.229,0.642,2.194,0.374,2.878,0.166,2.526,0.154,0.76
1953,13.846,-1.685,291.929,245.417,64.927,-48.504,-17.68,1.089,274.399,302.304,45.54,88.803,0.612,2.141,0.358,2.794,0.135,2.458,0.155,0.781
1954,13.616,-1.583,291.953,239.159,68.448,-51.566,-17.662,0.913,274.412,289.768,45.406,86.703,0.642,2.086,0.357,2.679,0.15,2.373,0.156,0.801
1955,13.493,-1.128,292.376,229.622,66.657,-45.439,-17.804,0.998,274.412,289.768,45.406,87.708,0.625,1.999,0.356,2.679,0.133,2.328,0.156,0.819
1956,13.599,-2.47,291.935,220.207,64.809,-44.69,-17.844,0.65,273.579,277.158,41.832,85.932,0.61,1.924,0.324,2.571,0.101,2.237,0.157,0.835
1957,13.741,-1.84,292.802,207.481,64.806,-46.389,-17.748,0.415,272.71,270.922,41.886,82.652,0.609,1.806,0.326,2.522,0.066,2.151,0.156,0.849
1958,13.843,-2.055,292.804,194.877,64.748,-42.61,-17.941,0.737,272.305,261.37,40.063,78.009,0.609,1.697,0.308,2.435,0.049,2.053,0.156,0.861
1959,13.873,-2.142,292.807,182.272,64.689,-44.241,-17.831,0.612,272.318,248.834,39.929,85.551,0.608,1.588,0.308,2.319,0.049,1.94,0.155,0.872
1960,14.183,-2.745,293.65,175.804,61.165,-41.874,-17.567,0.56,271.463,242.718,36.428,78.734,0.577,1.53,0.277,2.269,-0.016,1.885,0.154,0.88
1961,14.092,-2.474,295.4,163.194,61.233,-42.574,-17.737,0.389,271.058,233.166,34.604,80.165,0.574,1.412,0.259,2.184,-0.068,1.781,0.153,0.886
1962,14.401,-3.612,295.854,153.822,63,-40.975,-17.478,-0.244,271.035,227.004,38.098,78.716,0.589,1.333,0.293,2.128,-0.053,1.713,0.151,0.889
1963,14.386,-3.056,296.707,141.17,59.454,-41.377,-17.782,-0.197,271.071,220.63,34.47,76.614,0.557,1.219,0.258,2.068,-0.102,1.624,0.148,0.89
1964,14.65,-3.532,297.551,134.702,55.929,-38.197,-17.651,-0.192,270.666,211.078,32.647,74.041,0.526,1.162,0.242,1.982,-0.15,1.552,0.145,0.889
1965,14.604,-2.901,298.005,125.329,57.696,-39.941,-17.563,-0.239,270.666,211.078,32.647,76.537,0.541,1.078,0.242,1.982,-0.151,1.508,0.141,0.886
1966,14.659,-3.66,297.998,118.908,57.659,-37.807,-17.1,-0.366,269.797,204.842,32.701,79.169,0.54,1.026,0.245,1.93,-0.168,1.455,0.137,0.88
1967,15.142,-2.892,298.428,115.793,55.905,-39.313,-17.234,-0.147,269.797,204.842,32.701,77.66,0.526,0.995,0.245,1.929,-0.183,1.439,0.132,0.873
1968,15.343,-3.881,298.428,115.793,55.905,-37.076,-17.077,-0.283,269.369,201.784,30.95,74.469,0.527,0.998,0.229,1.904,-0.199,1.428,0.127,0.863
1969,14.532,-3.559,298.428,115.793,55.905,-34.097,-17.078,-0.415,268.941,198.725,29.2,75.511,0.524,0.997,0.213,1.878,-0.217,1.415,0.121,0.852
1970,14.685,-4.05,297.955,106.214,50.499,-37.292,-16.936,-0.453,268.5,195.548,31.004,78.393,0.48,0.919,0.231,1.852,-0.233,1.361,0.115,0.838
1971,15.17,-4.498,298.407,109.446,52.324,-39.821,-16.933,-0.681,268.082,198.532,29.314,73.786,0.496,0.947,0.215,1.884,-0.249,1.39,0.108,0.824
1972,14.492,-4.415,298.827,112.514,50.591,-36.683,-17.076,-0.46,268.082,198.532,29.314,74.433,0.478,0.971,0.215,1.883,-0.266,1.402,0.101,0.808
1973,15.083,-4.307,297.963,112.636,50.535,-37.058,-17.296,-0.733,268.046,204.906,32.941,75.474,0.481,0.975,0.248,1.944,-0.233,1.434,0.093,0.791
1974,14.734,-4.671,298.383,115.704,48.803,-39.011,-17.209,-0.326,268.487,208.084,31.138,75.148,0.465,1.001,0.231,1.97,-0.249,1.46,0.085,0.773
1975,14.646,-4.495,298.404,122.051,52.383,-39.739,-17.087,-0.682,268.915,211.142,32.888,75.547,0.495,1.054,0.248,1.997,-0.216,1.501,0.077,0.754
1976,14.334,-4.466,297.95,131.424,50.616,-39.719,-17.306,-0.648,268.428,220.951,34.838,76.882,0.479,1.135,0.266,2.093,-0.218,1.589,0.069,0.735
1977,14.513,-4.46,297.958,137.845,50.653,-41.734,-17.54,-0.11,268.415,233.487,34.972,81.551,0.48,1.19,0.266,2.21,-0.217,1.673,0.06,0.716
1978,14.901,-3.709,298.385,147.335,48.957,-41.841,-17.359,0.162,269.27,239.603,38.472,78.78,0.466,1.267,0.299,2.26,-0.199,1.738,0.052,0.697
1979,14.829,-3.588,297.08,156.754,50.677,-42.086,-17.585,0.61,269.257,252.14,38.606,78.387,0.483,1.352,0.3,2.376,-0.166,1.839,0.043,0.678
1980,14.773,-3.674,297.929,169.312,47.249,-45.285,-17.046,1.054,268.839,255.124,36.917,80.614,0.452,1.456,0.286,2.407,-0.213,1.907,0.035,0.66
1981,14.639,-2.835,297.506,178.849,49.04,-42.431,-17.494,1.311,269.244,264.676,38.74,80.546,0.468,1.536,0.301,2.492,-0.181,1.99,0.026,0.643
1982,14.606,-2.749,297.083,188.385,50.832,-46.127,-17.59,1.047,268.79,274.034,40.678,81.948,0.484,1.62,0.32,2.586,-0.166,2.079,0.018,0.627
1983,14.241,-2.063,297.073,194.568,50.853,-46.417,-17.388,1.701,268.349,283.512,39.062,81.189,0.483,1.67,0.306,2.677,-0.182,2.148,0.01,0.612
1984,14.292,-1.929,296.205,207.294,50.856,-48.322,-17.073,1.84,267.849,293.201,44.566,75.57,0.484,1.784,0.36,2.774,-0.15,2.254,0.002,0.599
1985,14.445,-1.902,295.331,213.599,50.822,-47.884,-17.476,1.61,267.431,296.185,42.876,83.321,0.486,1.843,0.343,2.807,-0.149,2.301,-0.006,0.587
1986,14.35,-1.938,294.886,216.789,49.034,-51.549,-16.894,2.341,267.858,299.244,44.627,83.12,0.471,1.874,0.361,2.829,-0.131,2.328,-0.013,0.576
1987,14.516,-1.964,295.759,223.089,49.126,-54.592,-17.262,2.691,267.836,305.737,44.7,86.639,0.471,1.923,0.36,2.889,-0.148,2.382,-0.021,0.567
1988,13.693,-2.056,295.78,229.435,52.707,-50.576,-17.491,2.019,269.132,315.031,46.397,81.566,0.499,1.977,0.374,2.966,-0.1,2.448,-0.028,0.56
1989,14.392,-2.057,296.232,232.667,54.532,-52.872,-17.478,2.595,268.25,321.331,46.584,84.778,0.516,2.002,0.377,3.033,-0.117,2.492,-0.035,0.554
1990,13.997,-1.973,296.659,242.157,52.836,-50.326,-17.303,2.405,269.537,324.583,48.22,88.381,0.499,2.08,0.391,3.05,-0.1,2.542,-0.041,0.55
1991,14.117,-1.72,296.649,248.34,52.858,-50.666,-17.575,2.059,269.119,327.568,46.531,85.507,0.5,2.132,0.375,3.084,-0.116,2.585,-0.047,0.547
1992,14.274,-1.778,297.101,251.572,54.684,-53.923,-17.607,2.417,269.56,330.746,44.727,83.054,0.515,2.157,0.357,3.108,-0.116,2.609,-0.053,0.546
1993,14.136,-1.792,296.226,257.876,54.65,-52.643,-17.388,1.909,269.988,333.804,46.477,91.616,0.516,2.217,0.373,3.133,-0.082,2.654,-0.058,0.547
1994,14.364,-1.932,296.203,264.134,51.128,-49.215,-17.623,2.274,270.393,343.355,48.3,89.812,0.487,2.272,0.389,3.217,-0.08,2.723,-0.064,0.549
1995,14.35,-1.398,296.654,267.366,52.954,-53.42,-17.491,1.953,269.975,346.34,46.611,91.929,0.502,2.294,0.374,3.251,-0.097,2.75,-0.069,0.552
1996,14.415,-1.029,295.78,273.671,52.919,-52.287,-17.447,2.269,269.939,352.714,50.238,89.119,0.503,2.354,0.409,3.311,-0.064,2.81,-0.073,0.557
1997,14.136,-1.439,295.777,286.275,52.978,-53.376,-17.58,2.358,270.38,355.892,48.434,85.91,0.503,2.463,0.391,3.335,-0.064,2.879,-0.077,0.564
1998,13.528,-0.696,295.777,286.275,52.978,-55.716,-17.671,2.13,269.475,356.029,52.115,85.529,0.501,2.461,0.426,3.348,-0.067,2.884,-0.081,0.572
1999,14.33,-0.767,294.924,298.927,56.524,-56.234,-17.817,1.951,269.926,365.25,50.372,89.412,0.535,2.577,0.409,3.43,-0.031,2.985,-0.085,0.581
2000,13.65,-0.569,294.479,302.117,54.736,-56.409,-17.45,2.67,269.462,368.565,52.249,90.95,0.518,2.608,0.428,3.464,-0.032,3.017,-0.088,0.592
